
SUMMARISING RUN PARAMETERS
==========================
Input filename: Sham_oxy_4_2.fastq.gz
Trimming mode: paired-end
Trim Galore version: 0.6.7
Cutadapt version: 3.4
Python version: could not detect
Number of cores used for trimming: 8
Quality Phred score cutoff: 20
Quality encoding type selected: ASCII+33
Using Illumina adapter for trimming (count: 430971). Second best hit was Nextera (count: 16)
Adapter sequence: 'AGATCGGAAGAGC' (Illumina TruSeq, Sanger iPCR; auto-detected)
Maximum trimming error rate: 0.1 (default)
Minimum required adapter overlap (stringency): 1 bp
Minimum required sequence length for both reads before a sequence pair gets removed: 20 bp
Running FastQC on the data once trimming has completed
Running FastQC with the following extra arguments: -t 12
Output file will be GZIP compressed


This is cutadapt 3.4 with Python 3.9.6
Command line parameters: -j 8 -e 0.1 -q 20 -O 1 -a AGATCGGAAGAGC Sham_oxy_4_2.fastq.gz
Processing reads on 8 cores in single-end mode ...
Finished in 108.45 s (5 µs/read; 12.90 M reads/minute).

=== Summary ===

Total reads processed:              23,320,167
Reads with adapters:                15,916,635 (68.3%)
Reads written (passing filters):    23,320,167 (100.0%)

Total basepairs processed: 3,498,025,050 bp
Quality-trimmed:             111,485,868 bp (3.2%)
Total written (filtered):  2,855,109,375 bp (81.6%)

=== Adapter 1 ===

Sequence: AGATCGGAAGAGC; Type: regular 3'; Length: 13; Trimmed: 15916635 times

No. of allowed errors:
1-9 bp: 0; 10-13 bp: 1

Bases preceding removed adapters:
  A: 12.6%
  C: 34.0%
  G: 41.9%
  T: 11.5%
  none/other: 0.0%

Overview of removed sequences
length	count	expect	max.err	error counts
1	2783917	5830041.8	0	2783917
2	941043	1457510.4	0	941043
3	370450	364377.6	0	370450
4	160162	91094.4	0	160162
5	130700	22773.6	0	130700
6	130811	5693.4	0	130811
7	125554	1423.4	0	125554
8	115899	355.8	0	115899
9	116922	89.0	0	116363 559
10	132594	22.2	1	116684 15910
11	123443	5.6	1	108621 14822
12	130209	1.4	1	113284 16925
13	142721	0.3	1	122701 20020
14	182304	0.3	1	155143 27161
15	113050	0.3	1	99225 13825
16	145245	0.3	1	126143 19102
17	136594	0.3	1	119161 17433
18	103123	0.3	1	91512 11611
19	134740	0.3	1	117952 16788
20	122207	0.3	1	107585 14622
21	120860	0.3	1	106907 13953
22	138679	0.3	1	121394 17285
23	152912	0.3	1	132877 20035
24	176247	0.3	1	151251 24996
25	128839	0.3	1	113717 15122
26	138213	0.3	1	122153 16060
27	131707	0.3	1	116802 14905
28	160111	0.3	1	140825 19286
29	131629	0.3	1	117478 14151
30	197440	0.3	1	174101 23339
31	104796	0.3	1	94894 9902
32	161372	0.3	1	144041 17331
33	139517	0.3	1	125543 13974
34	138293	0.3	1	125038 13255
35	150577	0.3	1	134748 15829
36	177909	0.3	1	157214 20695
37	150932	0.3	1	135988 14944
38	133595	0.3	1	121320 12275
39	134610	0.3	1	122300 12310
40	153935	0.3	1	138772 15163
41	169443	0.3	1	152109 17334
42	189162	0.3	1	167590 21572
43	140283	0.3	1	127399 12884
44	170679	0.3	1	152777 17902
45	148024	0.3	1	134174 13850
46	152346	0.3	1	138798 13548
47	167028	0.3	1	150746 16282
48	161374	0.3	1	146748 14626
49	162188	0.3	1	147258 14930
50	163944	0.3	1	147945 15999
51	162863	0.3	1	147903 14960
52	164006	0.3	1	148664 15342
53	178716	0.3	1	161294 17422
54	179414	0.3	1	161805 17609
55	140760	0.3	1	128618 12142
56	176200	0.3	1	160399 15801
57	179795	0.3	1	162781 17014
58	156184	0.3	1	141126 15058
59	141707	0.3	1	129360 12347
60	166475	0.3	1	150999 15476
61	137968	0.3	1	126188 11780
62	125436	0.3	1	114868 10568
63	177261	0.3	1	162376 14885
64	89886	0.3	1	82999 6887
65	122633	0.3	1	113367 9266
66	115117	0.3	1	106144 8973
67	136613	0.3	1	125537 11076
68	129397	0.3	1	118754 10643
69	120787	0.3	1	111092 9695
70	117918	0.3	1	108485 9433
71	124614	0.3	1	114690 9924
72	120625	0.3	1	111122 9503
73	133160	0.3	1	122289 10871
74	149304	0.3	1	137123 12181
75	185655	0.3	1	161260 24395
76	990100	0.3	1	927230 62870
77	155957	0.3	1	144083 11874
78	36188	0.3	1	33005 3183
79	18305	0.3	1	16496 1809
80	16919	0.3	1	15389 1530
81	16505	0.3	1	15002 1503
82	14437	0.3	1	13114 1323
83	12915	0.3	1	11697 1218
84	13041	0.3	1	11951 1090
85	11970	0.3	1	10901 1069
86	12328	0.3	1	11220 1108
87	10862	0.3	1	9917 945
88	10152	0.3	1	9246 906
89	8838	0.3	1	8032 806
90	7725	0.3	1	7089 636
91	6794	0.3	1	6249 545
92	5825	0.3	1	5330 495
93	5457	0.3	1	5008 449
94	4654	0.3	1	4256 398
95	4079	0.3	1	3733 346
96	3996	0.3	1	3651 345
97	3464	0.3	1	3191 273
98	2877	0.3	1	2622 255
99	2640	0.3	1	2423 217
100	2429	0.3	1	2239 190
101	2287	0.3	1	2086 201
102	1871	0.3	1	1694 177
103	1433	0.3	1	1294 139
104	1118	0.3	1	1013 105
105	923	0.3	1	835 88
106	877	0.3	1	794 83
107	868	0.3	1	804 64
108	837	0.3	1	770 67
109	778	0.3	1	691 87
110	651	0.3	1	566 85
111	471	0.3	1	424 47
112	385	0.3	1	342 43
113	306	0.3	1	277 29
114	253	0.3	1	211 42
115	230	0.3	1	191 39
116	199	0.3	1	157 42
117	170	0.3	1	134 36
118	160	0.3	1	137 23
119	150	0.3	1	123 27
120	151	0.3	1	122 29
121	121	0.3	1	88 33
122	119	0.3	1	90 29
123	112	0.3	1	92 20
124	69	0.3	1	56 13
125	60	0.3	1	44 16
126	58	0.3	1	41 17
127	67	0.3	1	46 21
128	68	0.3	1	42 26
129	44	0.3	1	27 17
130	55	0.3	1	29 26
131	26	0.3	1	15 11
132	46	0.3	1	29 17
133	43	0.3	1	21 22
134	47	0.3	1	15 32
135	36	0.3	1	19 17
136	45	0.3	1	33 12
137	33	0.3	1	12 21
138	18	0.3	1	7 11
139	13	0.3	1	3 10
140	14	0.3	1	3 11
141	29	0.3	1	4 25
142	6	0.3	1	2 4
143	19	0.3	1	2 17
144	1	0.3	1	1
145	46	0.3	1	1 45
146	27	0.3	1	2 25
147	36	0.3	1	5 31
148	24	0.3	1	0 24
149	76	0.3	1	1 75
150	1876	0.3	1	1 1875

RUN STATISTICS FOR INPUT FILE: Sham_oxy_4_2.fastq.gz
=============================================
23320167 sequences processed in total

Total number of sequences analysed for the sequence pair length validation: 23320167

Number of sequence pairs removed because at least one read was shorter than the length cutoff (20 bp): 127466 (0.55%)
