
SUMMARISING RUN PARAMETERS
==========================
Input filename: Sham_oxy_3_2.fastq.gz
Trimming mode: paired-end
Trim Galore version: 0.6.7
Cutadapt version: 3.4
Python version: could not detect
Number of cores used for trimming: 8
Quality Phred score cutoff: 20
Quality encoding type selected: ASCII+33
Using Illumina adapter for trimming (count: 247494). Second best hit was smallRNA (count: 9)
Adapter sequence: 'AGATCGGAAGAGC' (Illumina TruSeq, Sanger iPCR; auto-detected)
Maximum trimming error rate: 0.1 (default)
Minimum required adapter overlap (stringency): 1 bp
Minimum required sequence length for both reads before a sequence pair gets removed: 20 bp
Running FastQC on the data once trimming has completed
Running FastQC with the following extra arguments: -t 12
Output file will be GZIP compressed


This is cutadapt 3.4 with Python 3.9.6
Command line parameters: -j 8 -e 0.1 -q 20 -O 1 -a AGATCGGAAGAGC Sham_oxy_3_2.fastq.gz
Processing reads on 8 cores in single-end mode ...
Finished in 108.24 s (4 µs/read; 13.35 M reads/minute).

=== Summary ===

Total reads processed:              24,089,362
Reads with adapters:                12,333,694 (51.2%)
Reads written (passing filters):    24,089,362 (100.0%)

Total basepairs processed: 3,613,404,300 bp
Quality-trimmed:              95,579,907 bp (2.6%)
Total written (filtered):  3,216,167,627 bp (89.0%)

=== Adapter 1 ===

Sequence: AGATCGGAAGAGC; Type: regular 3'; Length: 13; Trimmed: 12333694 times

No. of allowed errors:
1-9 bp: 0; 10-13 bp: 1

Bases preceding removed adapters:
  A: 16.4%
  C: 28.4%
  G: 43.7%
  T: 11.5%
  none/other: 0.0%

Overview of removed sequences
length	count	expect	max.err	error counts
1	3221916	6022340.5	0	3221916
2	1191638	1505585.1	0	1191638
3	423288	376396.3	0	423288
4	163490	94099.1	0	163490
5	125623	23524.8	0	125623
6	123639	5881.2	0	123639
7	120117	1470.3	0	120117
8	109346	367.6	0	109346
9	109993	91.9	0	109579 414
10	121762	23.0	1	110852 10910
11	108227	5.7	1	98655 9572
12	116289	1.4	1	104616 11673
13	120525	0.4	1	108015 12510
14	152006	0.4	1	134943 17063
15	95401	0.4	1	86817 8584
16	118439	0.4	1	107124 11315
17	115163	0.4	1	104776 10387
18	82707	0.4	1	75966 6741
19	110228	0.4	1	99893 10335
20	95225	0.4	1	86761 8464
21	98514	0.4	1	90404 8110
22	105150	0.4	1	95582 9568
23	111974	0.4	1	101710 10264
24	125301	0.4	1	112651 12650
25	94260	0.4	1	86384 7876
26	101207	0.4	1	93005 8202
27	95611	0.4	1	87959 7652
28	112491	0.4	1	102901 9590
29	94697	0.4	1	87578 7119
30	136211	0.4	1	124568 11643
31	76561	0.4	1	71715 4846
32	110603	0.4	1	101990 8613
33	97531	0.4	1	90639 6892
34	93932	0.4	1	87880 6052
35	96581	0.4	1	89722 6859
36	108732	0.4	1	100277 8455
37	99438	0.4	1	93035 6403
38	85523	0.4	1	80452 5071
39	90418	0.4	1	85344 5074
40	98153	0.4	1	91709 6444
41	101187	0.4	1	94404 6783
42	108266	0.4	1	100384 7882
43	83935	0.4	1	79060 4875
44	99102	0.4	1	92644 6458
45	87194	0.4	1	82037 5157
46	88547	0.4	1	83451 5096
47	92657	0.4	1	86922 5735
48	86224	0.4	1	81196 5028
49	90283	0.4	1	84871 5412
50	94345	0.4	1	88521 5824
51	90762	0.4	1	85498 5264
52	89943	0.4	1	84669 5274
53	96806	0.4	1	90763 6043
54	97342	0.4	1	91552 5790
55	83735	0.4	1	79311 4424
56	93952	0.4	1	88339 5613
57	90720	0.4	1	85193 5527
58	82267	0.4	1	77485 4782
59	79430	0.4	1	75114 4316
60	87810	0.4	1	82395 5415
61	76373	0.4	1	72195 4178
62	70865	0.4	1	67140 3725
63	92684	0.4	1	87774 4910
64	49701	0.4	1	47247 2454
65	67657	0.4	1	64277 3380
66	63247	0.4	1	60192 3055
67	66868	0.4	1	63422 3446
68	67562	0.4	1	64024 3538
69	67023	0.4	1	63542 3481
70	62078	0.4	1	58770 3308
71	63632	0.4	1	60430 3202
72	63608	0.4	1	60549 3059
73	63809	0.4	1	60553 3256
74	67665	0.4	1	63797 3868
75	93250	0.4	1	73823 19427
76	441226	0.4	1	419887 21339
77	67218	0.4	1	62880 4338
78	16366	0.4	1	15098 1268
79	8486	0.4	1	7738 748
80	7347	0.4	1	6772 575
81	6903	0.4	1	6396 507
82	6172	0.4	1	5760 412
83	5515	0.4	1	5132 383
84	5549	0.4	1	5196 353
85	5157	0.4	1	4810 347
86	5270	0.4	1	4916 354
87	4780	0.4	1	4489 291
88	4113	0.4	1	3823 290
89	3475	0.4	1	3261 214
90	3329	0.4	1	3099 230
91	2709	0.4	1	2530 179
92	2141	0.4	1	1993 148
93	1978	0.4	1	1827 151
94	1682	0.4	1	1552 130
95	1464	0.4	1	1336 128
96	1436	0.4	1	1320 116
97	1184	0.4	1	1082 102
98	1086	0.4	1	1003 83
99	952	0.4	1	872 80
100	856	0.4	1	782 74
101	789	0.4	1	726 63
102	617	0.4	1	550 67
103	487	0.4	1	434 53
104	437	0.4	1	391 46
105	402	0.4	1	347 55
106	344	0.4	1	312 32
107	302	0.4	1	271 31
108	292	0.4	1	257 35
109	253	0.4	1	225 28
110	219	0.4	1	188 31
111	177	0.4	1	141 36
112	150	0.4	1	119 31
113	127	0.4	1	95 32
114	94	0.4	1	80 14
115	91	0.4	1	72 19
116	78	0.4	1	62 16
117	93	0.4	1	65 28
118	76	0.4	1	52 24
119	62	0.4	1	42 20
120	63	0.4	1	44 19
121	43	0.4	1	25 18
122	65	0.4	1	41 24
123	58	0.4	1	35 23
124	34	0.4	1	20 14
125	27	0.4	1	13 14
126	29	0.4	1	13 16
127	39	0.4	1	19 20
128	42	0.4	1	21 21
129	33	0.4	1	13 20
130	28	0.4	1	14 14
131	20	0.4	1	7 13
132	26	0.4	1	14 12
133	27	0.4	1	11 16
134	21	0.4	1	9 12
135	33	0.4	1	16 17
136	40	0.4	1	19 21
137	11	0.4	1	4 7
138	15	0.4	1	3 12
139	18	0.4	1	3 15
140	15	0.4	1	4 11
141	11	0.4	1	2 9
142	9	0.4	1	0 9
143	6	0.4	1	0 6
144	8	0.4	1	0 8
145	28	0.4	1	3 25
146	6	0.4	1	0 6
147	36	0.4	1	2 34
148	32	0.4	1	0 32
149	129	0.4	1	0 129
150	2819	0.4	1	6 2813

RUN STATISTICS FOR INPUT FILE: Sham_oxy_3_2.fastq.gz
=============================================
24089362 sequences processed in total

Total number of sequences analysed for the sequence pair length validation: 24089362

Number of sequence pairs removed because at least one read was shorter than the length cutoff (20 bp): 111240 (0.46%)
