
SUMMARISING RUN PARAMETERS
==========================
Input filename: Sham_Sal_3_2.fastq.gz
Trimming mode: paired-end
Trim Galore version: 0.6.7
Cutadapt version: 3.4
Python version: could not detect
Number of cores used for trimming: 8
Quality Phred score cutoff: 20
Quality encoding type selected: ASCII+33
Using Illumina adapter for trimming (count: 201382). Second best hit was Nextera (count: 14)
Adapter sequence: 'AGATCGGAAGAGC' (Illumina TruSeq, Sanger iPCR; auto-detected)
Maximum trimming error rate: 0.1 (default)
Minimum required adapter overlap (stringency): 1 bp
Minimum required sequence length for both reads before a sequence pair gets removed: 20 bp
Running FastQC on the data once trimming has completed
Running FastQC with the following extra arguments: -t 12
Output file will be GZIP compressed


This is cutadapt 3.4 with Python 3.9.6
Command line parameters: -j 8 -e 0.1 -q 20 -O 1 -a AGATCGGAAGAGC Sham_Sal_3_2.fastq.gz
Processing reads on 8 cores in single-end mode ...
Finished in 139.17 s (5 µs/read; 11.74 M reads/minute).

=== Summary ===

Total reads processed:              27,230,339
Reads with adapters:                14,112,748 (51.8%)
Reads written (passing filters):    27,230,339 (100.0%)

Total basepairs processed: 4,084,550,850 bp
Quality-trimmed:             111,454,201 bp (2.7%)
Total written (filtered):  3,705,513,618 bp (90.7%)

=== Adapter 1 ===

Sequence: AGATCGGAAGAGC; Type: regular 3'; Length: 13; Trimmed: 14112748 times

No. of allowed errors:
1-9 bp: 0; 10-13 bp: 1

Bases preceding removed adapters:
  A: 20.0%
  C: 31.1%
  G: 36.3%
  T: 12.6%
  none/other: 0.0%

Overview of removed sequences
length	count	expect	max.err	error counts
1	4732383	6807584.8	0	4732383
2	1546979	1701896.2	0	1546979
3	553615	425474.0	0	553615
4	214504	106368.5	0	214504
5	154765	26592.1	0	154765
6	145898	6648.0	0	145898
7	136372	1662.0	0	136372
8	128358	415.5	0	128358
9	128019	103.9	0	127301 718
10	136079	26.0	1	123841 12238
11	129407	6.5	1	117995 11412
12	133670	1.6	1	120783 12887
13	139065	0.4	1	124794 14271
14	161479	0.4	1	144558 16921
15	111827	0.4	1	102024 9803
16	136525	0.4	1	123522 13003
17	120993	0.4	1	110524 10469
18	103834	0.4	1	94989 8845
19	119307	0.4	1	108657 10650
20	114549	0.4	1	104237 10312
21	111836	0.4	1	102383 9453
22	120210	0.4	1	109432 10778
23	122271	0.4	1	111457 10814
24	119170	0.4	1	108161 11009
25	116165	0.4	1	106031 10134
26	114841	0.4	1	105049 9792
27	111782	0.4	1	102364 9418
28	116169	0.4	1	106239 9930
29	105166	0.4	1	97172 7994
30	127431	0.4	1	116499 10932
31	90306	0.4	1	84288 6018
32	114491	0.4	1	106072 8419
33	102654	0.4	1	95536 7118
34	110835	0.4	1	102305 8530
35	103969	0.4	1	96406 7563
36	110927	0.4	1	102762 8165
37	84208	0.4	1	79026 5182
38	101185	0.4	1	94473 6712
39	85381	0.4	1	80184 5197
40	88750	0.4	1	83710 5040
41	87556	0.4	1	82351 5205
42	91154	0.4	1	85514 5640
43	88011	0.4	1	82736 5275
44	86829	0.4	1	81364 5465
45	89959	0.4	1	84098 5861
46	86474	0.4	1	81154 5320
47	85416	0.4	1	79996 5420
48	79403	0.4	1	74722 4681
49	81703	0.4	1	76787 4916
50	82738	0.4	1	77736 5002
51	78858	0.4	1	74306 4552
52	78765	0.4	1	74011 4754
53	84786	0.4	1	79584 5202
54	80370	0.4	1	75463 4907
55	69464	0.4	1	65619 3845
56	77219	0.4	1	72554 4665
57	73124	0.4	1	68829 4295
58	65885	0.4	1	62016 3869
59	62530	0.4	1	59010 3520
60	68496	0.4	1	64425 4071
61	59063	0.4	1	55757 3306
62	56686	0.4	1	53605 3081
63	71942	0.4	1	67884 4058
64	40365	0.4	1	38221 2144
65	51861	0.4	1	49400 2461
66	48967	0.4	1	46484 2483
67	52036	0.4	1	49219 2817
68	48923	0.4	1	46199 2724
69	47966	0.4	1	45456 2510
70	46100	0.4	1	43640 2460
71	44295	0.4	1	41933 2362
72	42517	0.4	1	40344 2173
73	42549	0.4	1	40299 2250
74	46329	0.4	1	43086 3243
75	99050	0.4	1	47626 51424
76	285814	0.4	1	261302 24512
77	44007	0.4	1	38573 5434
78	11329	0.4	1	9406 1923
79	6245	0.4	1	5138 1107
80	5053	0.4	1	4244 809
81	4589	0.4	1	3982 607
82	4017	0.4	1	3542 475
83	3807	0.4	1	3373 434
84	3880	0.4	1	3470 410
85	3597	0.4	1	3161 436
86	3550	0.4	1	3160 390
87	3090	0.4	1	2749 341
88	2641	0.4	1	2372 269
89	2259	0.4	1	1992 267
90	1977	0.4	1	1748 229
91	1747	0.4	1	1555 192
92	1357	0.4	1	1223 134
93	1321	0.4	1	1134 187
94	1082	0.4	1	914 168
95	958	0.4	1	826 132
96	902	0.4	1	762 140
97	769	0.4	1	641 128
98	664	0.4	1	537 127
99	609	0.4	1	510 99
100	561	0.4	1	462 99
101	541	0.4	1	450 91
102	464	0.4	1	364 100
103	381	0.4	1	294 87
104	276	0.4	1	210 66
105	259	0.4	1	197 62
106	220	0.4	1	159 61
107	222	0.4	1	161 61
108	177	0.4	1	125 52
109	222	0.4	1	137 85
110	153	0.4	1	99 54
111	142	0.4	1	83 59
112	120	0.4	1	60 60
113	109	0.4	1	54 55
114	111	0.4	1	57 54
115	97	0.4	1	39 58
116	66	0.4	1	35 31
117	87	0.4	1	38 49
118	92	0.4	1	41 51
119	62	0.4	1	32 30
120	62	0.4	1	32 30
121	76	0.4	1	20 56
122	48	0.4	1	18 30
123	43	0.4	1	21 22
124	41	0.4	1	15 26
125	52	0.4	1	12 40
126	42	0.4	1	12 30
127	49	0.4	1	16 33
128	38	0.4	1	5 33
129	44	0.4	1	9 35
130	56	0.4	1	15 41
131	30	0.4	1	9 21
132	43	0.4	1	12 31
133	42	0.4	1	7 35
134	29	0.4	1	4 25
135	31	0.4	1	7 24
136	28	0.4	1	6 22
137	42	0.4	1	7 35
138	19	0.4	1	3 16
139	14	0.4	1	1 13
140	27	0.4	1	7 20
141	46	0.4	1	6 40
142	20	0.4	1	3 17
143	22	0.4	1	1 21
144	23	0.4	1	1 22
145	54	0.4	1	4 50
146	41	0.4	1	1 40
147	109	0.4	1	2 107
148	94	0.4	1	1 93
149	399	0.4	1	1 398
150	8694	0.4	1	3 8691

RUN STATISTICS FOR INPUT FILE: Sham_Sal_3_2.fastq.gz
=============================================
27230339 sequences processed in total

Total number of sequences analysed for the sequence pair length validation: 27230339

Number of sequence pairs removed because at least one read was shorter than the length cutoff (20 bp): 182547 (0.67%)
