
SUMMARISING RUN PARAMETERS
==========================
Input filename: Sham_oxy_2_1.fastq.gz
Trimming mode: paired-end
Trim Galore version: 0.6.7
Cutadapt version: 3.4
Python version: could not detect
Number of cores used for trimming: 8
Quality Phred score cutoff: 20
Quality encoding type selected: ASCII+33
Using Illumina adapter for trimming (count: 243270). Second best hit was Nextera (count: 26)
Adapter sequence: 'AGATCGGAAGAGC' (Illumina TruSeq, Sanger iPCR; auto-detected)
Maximum trimming error rate: 0.1 (default)
Minimum required adapter overlap (stringency): 1 bp
Minimum required sequence length for both reads before a sequence pair gets removed: 20 bp
Running FastQC on the data once trimming has completed
Running FastQC with the following extra arguments: -t 12
Output file will be GZIP compressed


This is cutadapt 3.4 with Python 3.9.6
Command line parameters: -j 8 -e 0.1 -q 20 -O 1 -a AGATCGGAAGAGC Sham_oxy_2_1.fastq.gz
Processing reads on 8 cores in single-end mode ...
Finished in 102.74 s (5 µs/read; 12.57 M reads/minute).

=== Summary ===

Total reads processed:              21,521,303
Reads with adapters:                12,587,876 (58.5%)
Reads written (passing filters):    21,521,303 (100.0%)

Total basepairs processed: 3,228,195,450 bp
Quality-trimmed:              13,431,147 bp (0.4%)
Total written (filtered):  2,955,048,309 bp (91.5%)

=== Adapter 1 ===

Sequence: AGATCGGAAGAGC; Type: regular 3'; Length: 13; Trimmed: 12587876 times

No. of allowed errors:
1-9 bp: 0; 10-13 bp: 1

Bases preceding removed adapters:
  A: 19.7%
  C: 33.5%
  G: 27.6%
  T: 19.2%
  none/other: 0.0%

Overview of removed sequences
length	count	expect	max.err	error counts
1	3656856	5380325.8	0	3656856
2	1151787	1345081.4	0	1151787
3	445441	336270.4	0	445441
4	188018	84067.6	0	188018
5	140981	21016.9	0	140981
6	129719	5254.2	0	129719
7	127867	1313.6	0	127867
8	123165	328.4	0	123165
9	119813	82.1	0	119378 435
10	135830	20.5	1	120801 15029
11	132022	5.1	1	117517 14505
12	135858	1.3	1	119915 15943
13	135158	0.3	1	119548 15610
14	137574	0.3	1	121833 15741
15	137166	0.3	1	121245 15921
16	133497	0.3	1	117760 15737
17	136130	0.3	1	119779 16351
18	134198	0.3	1	118003 16195
19	126451	0.3	1	111770 14681
20	125985	0.3	1	111626 14359
21	126108	0.3	1	111644 14464
22	128391	0.3	1	113324 15067
23	129667	0.3	1	115086 14581
24	130055	0.3	1	115179 14876
25	127744	0.3	1	113119 14625
26	126964	0.3	1	112758 14206
27	122852	0.3	1	108857 13995
28	120579	0.3	1	107025 13554
29	116402	0.3	1	103300 13102
30	116653	0.3	1	103128 13525
31	110283	0.3	1	97693 12590
32	113547	0.3	1	100916 12631
33	111793	0.3	1	99302 12491
34	116703	0.3	1	103570 13133
35	114191	0.3	1	101833 12358
36	111545	0.3	1	99185 12360
37	109452	0.3	1	97299 12153
38	106527	0.3	1	94358 12169
39	101148	0.3	1	89304 11844
40	98053	0.3	1	86707 11346
41	100385	0.3	1	88861 11524
42	102618	0.3	1	90741 11877
43	113310	0.3	1	100400 12910
44	83055	0.3	1	73825 9230
45	125511	0.3	1	112095 13416
46	63001	0.3	1	56546 6455
47	83479	0.3	1	74589 8890
48	88033	0.3	1	78504 9529
49	86065	0.3	1	76831 9234
50	81315	0.3	1	72026 9289
51	81673	0.3	1	72791 8882
52	79419	0.3	1	70720 8699
53	75977	0.3	1	67656 8321
54	75970	0.3	1	68017 7953
55	77430	0.3	1	68632 8798
56	69906	0.3	1	62569 7337
57	71271	0.3	1	64052 7219
58	67418	0.3	1	59825 7593
59	63565	0.3	1	56615 6950
60	59027	0.3	1	52559 6468
61	53314	0.3	1	47447 5867
62	52222	0.3	1	46610 5612
63	55120	0.3	1	49320 5800
64	51997	0.3	1	46510 5487
65	49389	0.3	1	44062 5327
66	55253	0.3	1	49324 5929
67	47917	0.3	1	43001 4916
68	45930	0.3	1	40890 5040
69	43725	0.3	1	38964 4761
70	45060	0.3	1	40189 4871
71	52478	0.3	1	45802 6676
72	310554	0.3	1	279527 31027
73	75332	0.3	1	66939 8393
74	23211	0.3	1	20648 2563
75	10490	0.3	1	9300 1190
76	7181	0.3	1	6390 791
77	6556	0.3	1	5814 742
78	5612	0.3	1	4968 644
79	4703	0.3	1	4129 574
80	4679	0.3	1	4147 532
81	4574	0.3	1	4046 528
82	4169	0.3	1	3678 491
83	3788	0.3	1	3332 456
84	3372	0.3	1	2986 386
85	3101	0.3	1	2741 360
86	2972	0.3	1	2629 343
87	2725	0.3	1	2422 303
88	2674	0.3	1	2379 295
89	2388	0.3	1	2097 291
90	2030	0.3	1	1774 256
91	1808	0.3	1	1598 210
92	1505	0.3	1	1314 191
93	1433	0.3	1	1264 169
94	1195	0.3	1	1059 136
95	1061	0.3	1	901 160
96	1045	0.3	1	912 133
97	904	0.3	1	778 126
98	786	0.3	1	686 100
99	695	0.3	1	603 92
100	569	0.3	1	501 68
101	497	0.3	1	409 88
102	397	0.3	1	340 57
103	289	0.3	1	258 31
104	220	0.3	1	179 41
105	212	0.3	1	171 41
106	190	0.3	1	160 30
107	160	0.3	1	135 25
108	149	0.3	1	118 31
109	117	0.3	1	89 28
110	111	0.3	1	84 27
111	103	0.3	1	75 28
112	86	0.3	1	54 32
113	72	0.3	1	48 24
114	54	0.3	1	33 21
115	54	0.3	1	35 19
116	43	0.3	1	30 13
117	64	0.3	1	47 17
118	33	0.3	1	16 17
119	39	0.3	1	18 21
120	39	0.3	1	23 16
121	40	0.3	1	21 19
122	33	0.3	1	15 18
123	35	0.3	1	21 14
124	34	0.3	1	12 22
125	26	0.3	1	13 13
126	36	0.3	1	15 21
127	23	0.3	1	9 14
128	23	0.3	1	9 14
129	35	0.3	1	17 18
130	35	0.3	1	8 27
131	17	0.3	1	8 9
132	25	0.3	1	9 16
133	15	0.3	1	6 9
134	16	0.3	1	7 9
135	27	0.3	1	14 13
136	27	0.3	1	15 12
137	12	0.3	1	4 8
138	22	0.3	1	4 18
139	10	0.3	1	2 8
140	7	0.3	1	0 7
141	16	0.3	1	2 14
142	9	0.3	1	0 9
143	7	0.3	1	1 6
144	9	0.3	1	1 8
145	26	0.3	1	3 23
146	13	0.3	1	0 13
147	23	0.3	1	0 23
148	24	0.3	1	2 22
149	13	0.3	1	1 12
150	191	0.3	1	0 191

RUN STATISTICS FOR INPUT FILE: Sham_oxy_2_1.fastq.gz
=============================================
21521303 sequences processed in total

