
SUMMARISING RUN PARAMETERS
==========================
Input filename: Sham_Sal_2_2.fastq.gz
Trimming mode: paired-end
Trim Galore version: 0.6.7
Cutadapt version: 3.4
Python version: could not detect
Number of cores used for trimming: 8
Quality Phred score cutoff: 20
Quality encoding type selected: ASCII+33
Using Illumina adapter for trimming (count: 231204). Second best hit was Nextera (count: 13)
Adapter sequence: 'AGATCGGAAGAGC' (Illumina TruSeq, Sanger iPCR; auto-detected)
Maximum trimming error rate: 0.1 (default)
Minimum required adapter overlap (stringency): 1 bp
Minimum required sequence length for both reads before a sequence pair gets removed: 20 bp
Running FastQC on the data once trimming has completed
Running FastQC with the following extra arguments: -t 12
Output file will be GZIP compressed


This is cutadapt 3.4 with Python 3.9.6
Command line parameters: -j 8 -e 0.1 -q 20 -O 1 -a AGATCGGAAGAGC Sham_Sal_2_2.fastq.gz
Processing reads on 8 cores in single-end mode ...
Finished in 122.55 s (5 µs/read; 12.18 M reads/minute).

=== Summary ===

Total reads processed:              24,876,193
Reads with adapters:                13,182,509 (53.0%)
Reads written (passing filters):    24,876,193 (100.0%)

Total basepairs processed: 3,731,428,950 bp
Quality-trimmed:             115,999,947 bp (3.1%)
Total written (filtered):  3,340,441,676 bp (89.5%)

=== Adapter 1 ===

Sequence: AGATCGGAAGAGC; Type: regular 3'; Length: 13; Trimmed: 13182509 times

No. of allowed errors:
1-9 bp: 0; 10-13 bp: 1

Bases preceding removed adapters:
  A: 18.4%
  C: 29.5%
  G: 39.4%
  T: 12.7%
  none/other: 0.0%

Overview of removed sequences
length	count	expect	max.err	error counts
1	4111243	6219048.2	0	4111243
2	1362080	1554762.1	0	1362080
3	486168	388690.5	0	486168
4	184617	97172.6	0	184617
5	132418	24293.2	0	132418
6	128658	6073.3	0	128658
7	117659	1518.3	0	117659
8	110829	379.6	0	110829
9	111368	94.9	0	110799 569
10	120744	23.7	1	108696 12048
11	113263	5.9	1	101942 11321
12	116382	1.5	1	103579 12803
13	127667	0.4	1	112461 15206
14	150711	0.4	1	132311 18400
15	97345	0.4	1	87696 9649
16	124192	0.4	1	110600 13592
17	108255	0.4	1	97362 10893
18	91632	0.4	1	82975 8657
19	109847	0.4	1	98740 11107
20	105010	0.4	1	94407 10603
21	103233	0.4	1	93439 9794
22	113054	0.4	1	101686 11368
23	117237	0.4	1	105321 11916
24	113724	0.4	1	101913 11811
25	112583	0.4	1	101486 11097
26	110541	0.4	1	99946 10595
27	107658	0.4	1	97438 10220
28	115418	0.4	1	104723 10695
29	104325	0.4	1	95378 8947
30	133565	0.4	1	121092 12473
31	88011	0.4	1	81511 6500
32	111548	0.4	1	102248 9300
33	102057	0.4	1	94335 7722
34	112959	0.4	1	103434 9525
35	108014	0.4	1	99423 8591
36	118429	0.4	1	109008 9421
37	84328	0.4	1	78737 5591
38	107777	0.4	1	100122 7655
39	87669	0.4	1	82061 5608
40	92340	0.4	1	86564 5776
41	90750	0.4	1	85156 5594
42	95911	0.4	1	89566 6345
43	93155	0.4	1	87292 5863
44	92148	0.4	1	86023 6125
45	98261	0.4	1	91152 7109
46	93934	0.4	1	87805 6129
47	93915	0.4	1	87396 6519
48	85701	0.4	1	80442 5259
49	88674	0.4	1	83014 5660
50	91780	0.4	1	85708 6072
51	86674	0.4	1	81267 5407
52	87128	0.4	1	81618 5510
53	99302	0.4	1	92644 6658
54	91574	0.4	1	85747 5827
55	77350	0.4	1	73024 4326
56	90120	0.4	1	84560 5560
57	83229	0.4	1	78280 4949
58	75897	0.4	1	71439 4458
59	70569	0.4	1	66532 4037
60	79636	0.4	1	74756 4880
61	66573	0.4	1	62976 3597
62	62721	0.4	1	59340 3381
63	83147	0.4	1	78756 4391
64	42344	0.4	1	40220 2124
65	57548	0.4	1	54722 2826
66	52780	0.4	1	50201 2579
67	58987	0.4	1	55795 3192
68	56612	0.4	1	53623 2989
69	54994	0.4	1	52189 2805
70	52042	0.4	1	49281 2761
71	50718	0.4	1	48230 2488
72	48942	0.4	1	46567 2375
73	48547	0.4	1	46211 2336
74	54212	0.4	1	51226 2986
75	70393	0.4	1	59283 11110
76	285020	0.4	1	272910 12110
77	43903	0.4	1	41384 2519
78	11195	0.4	1	10300 895
79	6461	0.4	1	5893 568
80	5480	0.4	1	5020 460
81	4862	0.4	1	4486 376
82	4329	0.4	1	3967 362
83	3983	0.4	1	3688 295
84	4183	0.4	1	3880 303
85	3831	0.4	1	3497 334
86	3559	0.4	1	3314 245
87	3068	0.4	1	2824 244
88	2825	0.4	1	2599 226
89	2180	0.4	1	1999 181
90	2001	0.4	1	1834 167
91	1640	0.4	1	1516 124
92	1385	0.4	1	1274 111
93	1246	0.4	1	1140 106
94	1090	0.4	1	987 103
95	912	0.4	1	823 89
96	915	0.4	1	793 122
97	744	0.4	1	668 76
98	639	0.4	1	577 62
99	541	0.4	1	472 69
100	493	0.4	1	443 50
101	456	0.4	1	406 50
102	355	0.4	1	303 52
103	297	0.4	1	249 48
104	245	0.4	1	197 48
105	197	0.4	1	154 43
106	169	0.4	1	134 35
107	158	0.4	1	133 25
108	170	0.4	1	132 38
109	146	0.4	1	106 40
110	112	0.4	1	85 27
111	93	0.4	1	68 25
112	86	0.4	1	57 29
113	72	0.4	1	40 32
114	86	0.4	1	45 41
115	62	0.4	1	35 27
116	50	0.4	1	28 22
117	51	0.4	1	24 27
118	52	0.4	1	21 31
119	40	0.4	1	18 22
120	31	0.4	1	11 20
121	47	0.4	1	17 30
122	38	0.4	1	16 22
123	39	0.4	1	13 26
124	29	0.4	1	7 22
125	32	0.4	1	8 24
126	31	0.4	1	9 22
127	33	0.4	1	9 24
128	28	0.4	1	4 24
129	34	0.4	1	6 28
130	37	0.4	1	4 33
131	27	0.4	1	8 19
132	28	0.4	1	15 13
133	18	0.4	1	4 14
134	23	0.4	1	5 18
135	24	0.4	1	4 20
136	23	0.4	1	7 16
137	20	0.4	1	1 19
138	15	0.4	1	3 12
139	18	0.4	1	2 16
140	16	0.4	1	1 15
141	24	0.4	1	0 24
142	13	0.4	1	3 10
143	19	0.4	1	2 17
144	13	0.4	1	0 13
145	28	0.4	1	3 25
146	12	0.4	1	0 12
147	41	0.4	1	2 39
148	22	0.4	1	0 22
149	52	0.4	1	0 52
150	1486	0.4	1	1 1485

RUN STATISTICS FOR INPUT FILE: Sham_Sal_2_2.fastq.gz
=============================================
24876193 sequences processed in total

Total number of sequences analysed for the sequence pair length validation: 24876193

Number of sequence pairs removed because at least one read was shorter than the length cutoff (20 bp): 134070 (0.54%)
