
SUMMARISING RUN PARAMETERS
==========================
Input filename: Sham_Sal_1_2.fastq.gz
Trimming mode: paired-end
Trim Galore version: 0.6.7
Cutadapt version: 3.4
Python version: could not detect
Number of cores used for trimming: 8
Quality Phred score cutoff: 20
Quality encoding type selected: ASCII+33
Using Illumina adapter for trimming (count: 487273). Second best hit was smallRNA (count: 13)
Adapter sequence: 'AGATCGGAAGAGC' (Illumina TruSeq, Sanger iPCR; auto-detected)
Maximum trimming error rate: 0.1 (default)
Minimum required adapter overlap (stringency): 1 bp
Minimum required sequence length for both reads before a sequence pair gets removed: 20 bp
Running FastQC on the data once trimming has completed
Running FastQC with the following extra arguments: -t 12
Output file will be GZIP compressed


This is cutadapt 3.4 with Python 3.9.6
Command line parameters: -j 8 -e 0.1 -q 20 -O 1 -a AGATCGGAAGAGC Sham_Sal_1_2.fastq.gz
Processing reads on 8 cores in single-end mode ...
Finished in 100.63 s (4 µs/read; 16.03 M reads/minute).

=== Summary ===

Total reads processed:              26,877,663
Reads with adapters:                20,404,064 (75.9%)
Reads written (passing filters):    26,877,663 (100.0%)

Total basepairs processed: 4,031,649,450 bp
Quality-trimmed:             269,964,227 bp (6.7%)
Total written (filtered):  2,999,809,193 bp (74.4%)

=== Adapter 1 ===

Sequence: AGATCGGAAGAGC; Type: regular 3'; Length: 13; Trimmed: 20404064 times

No. of allowed errors:
1-9 bp: 0; 10-13 bp: 1

Bases preceding removed adapters:
  A: 17.6%
  C: 36.0%
  G: 36.8%
  T: 9.6%
  none/other: 0.0%

Overview of removed sequences
length	count	expect	max.err	error counts
1	3765616	6719415.8	0	3765616
2	769153	1679853.9	0	769153
3	284989	419963.5	0	284989
4	127414	104990.9	0	127414
5	112529	26247.7	0	112529
6	109365	6561.9	0	109365
7	106398	1640.5	0	106398
8	96464	410.1	0	96464
9	93467	102.5	0	92899 568
10	115318	25.6	1	94567 20751
11	104117	6.4	1	86312 17805
12	113985	1.6	1	93220 20765
13	134007	0.4	1	107888 26119
14	182463	0.4	1	145158 37305
15	107139	0.4	1	89388 17751
16	148235	0.4	1	120587 27648
17	136811	0.4	1	111724 25087
18	104577	0.4	1	87318 17259
19	131235	0.4	1	107505 23730
20	119377	0.4	1	98122 21255
21	119555	0.4	1	99337 20218
22	141220	0.4	1	115836 25384
23	166349	0.4	1	135770 30579
24	174088	0.4	1	139019 35069
25	160523	0.4	1	130979 29544
26	161550	0.4	1	132678 28872
27	159115	0.4	1	131203 27912
28	183916	0.4	1	150743 33173
29	154581	0.4	1	128957 25624
30	216832	0.4	1	176498 40334
31	120549	0.4	1	102449 18100
32	170053	0.4	1	141921 28132
33	154148	0.4	1	130687 23461
34	197301	0.4	1	164784 32517
35	195486	0.4	1	163437 32049
36	254688	0.4	1	209253 45435
37	157632	0.4	1	134371 23261
38	227438	0.4	1	189592 37846
39	167379	0.4	1	141954 25425
40	177297	0.4	1	151304 25993
41	182318	0.4	1	155960 26358
42	215824	0.4	1	181085 34739
43	205422	0.4	1	171997 33425
44	220830	0.4	1	183981 36849
45	247652	0.4	1	209546 38106
46	235795	0.4	1	201511 34284
47	252560	0.4	1	214511 38049
48	245864	0.4	1	212927 32937
49	249522	0.4	1	214494 35028
50	247503	0.4	1	208633 38870
51	251680	0.4	1	214550 37130
52	265620	0.4	1	224665 40955
53	264594	0.4	1	221760 42834
54	282759	0.4	1	239896 42863
55	217634	0.4	1	185869 31765
56	268678	0.4	1	230136 38542
57	299203	0.4	1	254838 44365
58	252517	0.4	1	213274 39243
59	238629	0.4	1	203394 35235
60	260589	0.4	1	222308 38281
61	210936	0.4	1	181570 29366
62	202572	0.4	1	173431 29141
63	288858	0.4	1	248838 40020
64	134455	0.4	1	117122 17333
65	182862	0.4	1	159104 23758
66	188279	0.4	1	163448 24831
67	238216	0.4	1	206844 31372
68	200612	0.4	1	173042 27570
69	188649	0.4	1	162339 26310
70	188620	0.4	1	163441 25179
71	188009	0.4	1	164231 23778
72	183890	0.4	1	159670 24220
73	194136	0.4	1	168070 26066
74	226683	0.4	1	196345 30338
75	319592	0.4	1	226219 93373
76	1424987	0.4	1	1245261 179726
77	245068	0.4	1	210150 34918
78	60430	0.4	1	50643 9787
79	29416	0.4	1	24574 4842
80	25714	0.4	1	21525 4189
81	25595	0.4	1	21755 3840
82	21637	0.4	1	18237 3400
83	19167	0.4	1	15984 3183
84	18730	0.4	1	15894 2836
85	16065	0.4	1	13631 2434
86	16597	0.4	1	14187 2410
87	14404	0.4	1	12244 2160
88	13074	0.4	1	11197 1877
89	11656	0.4	1	10030 1626
90	9727	0.4	1	8380 1347
91	8691	0.4	1	7531 1160
92	7352	0.4	1	6334 1018
93	6987	0.4	1	5992 995
94	5783	0.4	1	4903 880
95	5267	0.4	1	4491 776
96	4959	0.4	1	4232 727
97	4479	0.4	1	3853 626
98	3570	0.4	1	3054 516
99	3411	0.4	1	2911 500
100	3125	0.4	1	2710 415
101	2896	0.4	1	2456 440
102	2519	0.4	1	2111 408
103	1978	0.4	1	1686 292
104	1613	0.4	1	1328 285
105	1382	0.4	1	1144 238
106	1280	0.4	1	1070 210
107	1159	0.4	1	1005 154
108	1280	0.4	1	1098 182
109	1197	0.4	1	1007 190
110	1051	0.4	1	877 174
111	740	0.4	1	620 120
112	633	0.4	1	506 127
113	553	0.4	1	456 97
114	431	0.4	1	348 83
115	319	0.4	1	257 62
116	334	0.4	1	269 65
117	360	0.4	1	300 60
118	337	0.4	1	285 52
119	290	0.4	1	232 58
120	272	0.4	1	219 53
121	220	0.4	1	179 41
122	223	0.4	1	183 40
123	252	0.4	1	212 40
124	157	0.4	1	107 50
125	140	0.4	1	87 53
126	78	0.4	1	60 18
127	60	0.4	1	42 18
128	81	0.4	1	48 33
129	70	0.4	1	50 20
130	57	0.4	1	27 30
131	46	0.4	1	16 30
132	46	0.4	1	25 21
133	39	0.4	1	23 16
134	32	0.4	1	13 19
135	33	0.4	1	16 17
136	36	0.4	1	21 15
137	28	0.4	1	11 17
138	26	0.4	1	7 19
139	11	0.4	1	3 8
140	21	0.4	1	4 17
141	33	0.4	1	1 32
142	20	0.4	1	4 16
143	7	0.4	1	0 7
144	24	0.4	1	1 23
145	57	0.4	1	20 37
146	49	0.4	1	2 47
147	80	0.4	1	2 78
148	99	0.4	1	2 97
149	403	0.4	1	1 402
150	11200	0.4	1	27 11173

RUN STATISTICS FOR INPUT FILE: Sham_Sal_1_2.fastq.gz
=============================================
26877663 sequences processed in total

Total number of sequences analysed for the sequence pair length validation: 26877663

Number of sequence pairs removed because at least one read was shorter than the length cutoff (20 bp): 249180 (0.93%)
