
SUMMARISING RUN PARAMETERS
==========================
Input filename: Sham_oxy_3_1.fastq.gz
Trimming mode: paired-end
Trim Galore version: 0.6.7
Cutadapt version: 3.4
Python version: could not detect
Number of cores used for trimming: 8
Quality Phred score cutoff: 20
Quality encoding type selected: ASCII+33
Using Illumina adapter for trimming (count: 247494). Second best hit was smallRNA (count: 9)
Adapter sequence: 'AGATCGGAAGAGC' (Illumina TruSeq, Sanger iPCR; auto-detected)
Maximum trimming error rate: 0.1 (default)
Minimum required adapter overlap (stringency): 1 bp
Minimum required sequence length for both reads before a sequence pair gets removed: 20 bp
Running FastQC on the data once trimming has completed
Running FastQC with the following extra arguments: -t 12
Output file will be GZIP compressed


This is cutadapt 3.4 with Python 3.9.6
Command line parameters: -j 8 -e 0.1 -q 20 -O 1 -a AGATCGGAAGAGC Sham_oxy_3_1.fastq.gz
Processing reads on 8 cores in single-end mode ...
Finished in 98.09 s (4 µs/read; 14.73 M reads/minute).

=== Summary ===

Total reads processed:              24,089,362
Reads with adapters:                12,763,616 (53.0%)
Reads written (passing filters):    24,089,362 (100.0%)

Total basepairs processed: 3,613,404,300 bp
Quality-trimmed:              21,361,786 bp (0.6%)
Total written (filtered):  3,286,535,329 bp (91.0%)

=== Adapter 1 ===

Sequence: AGATCGGAAGAGC; Type: regular 3'; Length: 13; Trimmed: 12763616 times

No. of allowed errors:
1-9 bp: 0; 10-13 bp: 1

Bases preceding removed adapters:
  A: 17.5%
  C: 30.5%
  G: 36.9%
  T: 15.1%
  none/other: 0.0%

Overview of removed sequences
length	count	expect	max.err	error counts
1	3446259	6022340.5	0	3446259
2	1215051	1505585.1	0	1215051
3	425640	376396.3	0	425640
4	169403	94099.1	0	169403
5	129950	23524.8	0	129950
6	123112	5881.2	0	123112
7	120599	1470.3	0	120599
8	117332	367.6	0	117332
9	117795	91.9	0	117396 399
10	124862	23.0	1	118238 6624
11	114726	5.7	1	108782 5944
12	118544	1.4	1	111451 7093
13	118390	0.4	1	111203 7187
14	117218	0.4	1	110138 7080
15	118301	0.4	1	111348 6953
16	115315	0.4	1	108468 6847
17	115695	0.4	1	108463 7232
18	118167	0.4	1	110544 7623
19	107602	0.4	1	101583 6019
20	110457	0.4	1	104141 6316
21	111001	0.4	1	104688 6313
22	110751	0.4	1	104110 6641
23	109813	0.4	1	103356 6457
24	106339	0.4	1	100046 6293
25	107555	0.4	1	101074 6481
26	106530	0.4	1	100429 6101
27	104666	0.4	1	98601 6065
28	107661	0.4	1	101291 6370
29	105038	0.4	1	99057 5981
30	107332	0.4	1	101028 6304
31	107121	0.4	1	100992 6129
32	108488	0.4	1	102683 5805
33	107960	0.4	1	101871 6089
34	107555	0.4	1	101324 6231
35	101952	0.4	1	96024 5928
36	98487	0.4	1	93148 5339
37	102298	0.4	1	96740 5558
38	95729	0.4	1	90178 5551
39	100549	0.4	1	94827 5722
40	100023	0.4	1	94233 5790
41	103133	0.4	1	96962 6171
42	98529	0.4	1	92853 5676
43	98059	0.4	1	92545 5514
44	93513	0.4	1	88501 5012
45	122644	0.4	1	116158 6486
46	67671	0.4	1	64265 3406
47	82917	0.4	1	78845 4072
48	87551	0.4	1	82997 4554
49	91050	0.4	1	86312 4738
50	92535	0.4	1	87680 4855
51	94279	0.4	1	89431 4848
52	92617	0.4	1	87782 4835
53	90416	0.4	1	85630 4786
54	90717	0.4	1	86180 4537
55	96717	0.4	1	91640 5077
56	85421	0.4	1	81210 4211
57	83461	0.4	1	79610 3851
58	84653	0.4	1	80621 4032
59	83815	0.4	1	79849 3966
60	77663	0.4	1	73950 3713
61	74730	0.4	1	71231 3499
62	76627	0.4	1	73039 3588
63	78943	0.4	1	75155 3788
64	76091	0.4	1	72614 3477
65	71370	0.4	1	68106 3264
66	78793	0.4	1	74941 3852
67	68395	0.4	1	65192 3203
68	68268	0.4	1	65076 3192
69	71351	0.4	1	67909 3442
70	74591	0.4	1	70744 3847
71	102789	0.4	1	83138 19651
72	536015	0.4	1	514076 21939
73	127094	0.4	1	120588 6506
74	39013	0.4	1	36425 2588
75	18314	0.4	1	17066 1248
76	12432	0.4	1	11503 929
77	10722	0.4	1	9984 738
78	9627	0.4	1	9014 613
79	8633	0.4	1	8072 561
80	7993	0.4	1	7497 496
81	7877	0.4	1	7407 470
82	7387	0.4	1	6935 452
83	6607	0.4	1	6194 413
84	5862	0.4	1	5507 355
85	5695	0.4	1	5320 375
86	5414	0.4	1	5078 336
87	4792	0.4	1	4478 314
88	4457	0.4	1	4185 272
89	3986	0.4	1	3756 230
90	3509	0.4	1	3275 234
91	3050	0.4	1	2839 211
92	2554	0.4	1	2385 169
93	2127	0.4	1	1972 155
94	1878	0.4	1	1736 142
95	1643	0.4	1	1505 138
96	1522	0.4	1	1417 105
97	1349	0.4	1	1236 113
98	1272	0.4	1	1184 88
99	1104	0.4	1	1024 80
100	974	0.4	1	897 77
101	829	0.4	1	740 89
102	644	0.4	1	580 64
103	508	0.4	1	460 48
104	478	0.4	1	424 54
105	357	0.4	1	309 48
106	341	0.4	1	290 51
107	273	0.4	1	241 32
108	265	0.4	1	237 28
109	229	0.4	1	199 30
110	235	0.4	1	197 38
111	184	0.4	1	143 41
112	148	0.4	1	117 31
113	126	0.4	1	89 37
114	89	0.4	1	65 24
115	126	0.4	1	85 41
116	76	0.4	1	61 15
117	88	0.4	1	67 21
118	70	0.4	1	50 20
119	53	0.4	1	35 18
120	58	0.4	1	35 23
121	48	0.4	1	30 18
122	70	0.4	1	43 27
123	44	0.4	1	21 23
124	35	0.4	1	19 16
125	33	0.4	1	18 15
126	34	0.4	1	4 30
127	50	0.4	1	17 33
128	34	0.4	1	12 22
129	46	0.4	1	19 27
130	30	0.4	1	5 25
131	34	0.4	1	8 26
132	35	0.4	1	9 26
133	35	0.4	1	16 19
134	25	0.4	1	10 15
135	39	0.4	1	13 26
136	47	0.4	1	14 33
137	40	0.4	1	10 30
138	24	0.4	1	4 20
139	28	0.4	1	5 23
140	29	0.4	1	6 23
141	27	0.4	1	4 23
142	22	0.4	1	1 21
143	26	0.4	1	2 24
144	33	0.4	1	1 32
145	68	0.4	1	10 58
146	47	0.4	1	0 47
147	86	0.4	1	5 81
148	90	0.4	1	3 87
149	276	0.4	1	1 275
150	3527	0.4	1	7 3520

RUN STATISTICS FOR INPUT FILE: Sham_oxy_3_1.fastq.gz
=============================================
24089362 sequences processed in total

