
SUMMARISING RUN PARAMETERS
==========================
Input filename: Sham_Sal_2_1.fastq.gz
Trimming mode: paired-end
Trim Galore version: 0.6.7
Cutadapt version: 3.4
Python version: could not detect
Number of cores used for trimming: 8
Quality Phred score cutoff: 20
Quality encoding type selected: ASCII+33
Using Illumina adapter for trimming (count: 231204). Second best hit was Nextera (count: 13)
Adapter sequence: 'AGATCGGAAGAGC' (Illumina TruSeq, Sanger iPCR; auto-detected)
Maximum trimming error rate: 0.1 (default)
Minimum required adapter overlap (stringency): 1 bp
Minimum required sequence length for both reads before a sequence pair gets removed: 20 bp
Running FastQC on the data once trimming has completed
Running FastQC with the following extra arguments: -t 12
Output file will be GZIP compressed


This is cutadapt 3.4 with Python 3.9.6
Command line parameters: -j 8 -e 0.1 -q 20 -O 1 -a AGATCGGAAGAGC Sham_Sal_2_1.fastq.gz
Processing reads on 8 cores in single-end mode ...
Finished in 111.80 s (4 µs/read; 13.35 M reads/minute).

=== Summary ===

Total reads processed:              24,876,193
Reads with adapters:                13,460,988 (54.1%)
Reads written (passing filters):    24,876,193 (100.0%)

Total basepairs processed: 3,731,428,950 bp
Quality-trimmed:              15,480,789 bp (0.4%)
Total written (filtered):  3,432,867,269 bp (92.0%)

=== Adapter 1 ===

Sequence: AGATCGGAAGAGC; Type: regular 3'; Length: 13; Trimmed: 13460988 times

No. of allowed errors:
1-9 bp: 0; 10-13 bp: 1

Bases preceding removed adapters:
  A: 19.7%
  C: 28.9%
  G: 34.6%
  T: 16.7%
  none/other: 0.0%

Overview of removed sequences
length	count	expect	max.err	error counts
1	4141714	6219048.2	0	4141714
2	1348168	1554762.1	0	1348168
3	467252	388690.5	0	467252
4	189619	97172.6	0	189619
5	137114	24293.2	0	137114
6	127389	6073.3	0	127389
7	123975	1518.3	0	123975
8	120149	379.6	0	120149
9	120079	94.9	0	119660 419
10	125129	23.7	1	119334 5795
11	121705	5.9	1	116008 5697
12	123545	1.5	1	116987 6558
13	122206	0.4	1	115625 6581
14	123244	0.4	1	116446 6798
15	120773	0.4	1	114305 6468
16	119370	0.4	1	112825 6545
17	119497	0.4	1	112557 6940
18	121539	0.4	1	114661 6878
19	117052	0.4	1	111001 6051
20	118437	0.4	1	112369 6068
21	118209	0.4	1	112184 6025
22	121902	0.4	1	115306 6596
23	118426	0.4	1	112151 6275
24	115709	0.4	1	109607 6102
25	115891	0.4	1	109624 6267
26	114042	0.4	1	108196 5846
27	112495	0.4	1	106895 5600
28	112432	0.4	1	106648 5784
29	110984	0.4	1	105461 5523
30	113383	0.4	1	107641 5742
31	111030	0.4	1	105410 5620
32	115256	0.4	1	109656 5600
33	115437	0.4	1	109546 5891
34	111597	0.4	1	105993 5604
35	109609	0.4	1	103881 5728
36	106553	0.4	1	101200 5353
37	106966	0.4	1	101400 5566
38	102303	0.4	1	97231 5072
39	99557	0.4	1	94654 4903
40	102643	0.4	1	97382 5261
41	104689	0.4	1	99202 5487
42	100471	0.4	1	95357 5114
43	102799	0.4	1	97921 4878
44	96068	0.4	1	91440 4628
45	124232	0.4	1	118386 5846
46	70643	0.4	1	67584 3059
47	84949	0.4	1	81253 3696
48	90754	0.4	1	86595 4159
49	89580	0.4	1	85487 4093
50	89438	0.4	1	85352 4086
51	90388	0.4	1	86276 4112
52	89484	0.4	1	85441 4043
53	89434	0.4	1	85414 4020
54	87806	0.4	1	83932 3874
55	88817	0.4	1	84748 4069
56	80451	0.4	1	76959 3492
57	80384	0.4	1	77172 3212
58	79636	0.4	1	76308 3328
59	74551	0.4	1	71486 3065
60	70758	0.4	1	67885 2873
61	67510	0.4	1	64723 2787
62	67597	0.4	1	64869 2728
63	71922	0.4	1	69075 2847
64	67824	0.4	1	65164 2660
65	63222	0.4	1	60757 2465
66	67238	0.4	1	64421 2817
67	59917	0.4	1	57607 2310
68	58739	0.4	1	56454 2285
69	58488	0.4	1	56129 2359
70	60613	0.4	1	57925 2688
71	76854	0.4	1	65432 11422
72	394923	0.4	1	382100 12823
73	88030	0.4	1	84367 3663
74	26979	0.4	1	25492 1487
75	12850	0.4	1	12094 756
76	9469	0.4	1	8909 560
77	8182	0.4	1	7719 463
78	6998	0.4	1	6620 378
79	6292	0.4	1	5939 353
80	5931	0.4	1	5613 318
81	5408	0.4	1	5124 284
82	5149	0.4	1	4871 278
83	4836	0.4	1	4579 257
84	4354	0.4	1	4088 266
85	4068	0.4	1	3835 233
86	3522	0.4	1	3352 170
87	3111	0.4	1	2951 160
88	2867	0.4	1	2734 133
89	2413	0.4	1	2277 136
90	2151	0.4	1	2020 131
91	1758	0.4	1	1655 103
92	1566	0.4	1	1464 102
93	1276	0.4	1	1193 83
94	1080	0.4	1	994 86
95	959	0.4	1	886 73
96	896	0.4	1	838 58
97	737	0.4	1	676 61
98	687	0.4	1	633 54
99	642	0.4	1	593 49
100	513	0.4	1	478 35
101	468	0.4	1	422 46
102	390	0.4	1	338 52
103	282	0.4	1	254 28
104	216	0.4	1	190 26
105	181	0.4	1	156 25
106	184	0.4	1	142 42
107	177	0.4	1	138 39
108	132	0.4	1	106 26
109	119	0.4	1	100 19
110	117	0.4	1	96 21
111	98	0.4	1	65 33
112	71	0.4	1	53 18
113	65	0.4	1	35 30
114	61	0.4	1	33 28
115	49	0.4	1	33 16
116	54	0.4	1	28 26
117	43	0.4	1	22 21
118	37	0.4	1	17 20
119	37	0.4	1	13 24
120	39	0.4	1	16 23
121	41	0.4	1	15 26
122	36	0.4	1	11 25
123	30	0.4	1	8 22
124	30	0.4	1	8 22
125	34	0.4	1	5 29
126	22	0.4	1	9 13
127	34	0.4	1	11 23
128	29	0.4	1	4 25
129	44	0.4	1	9 35
130	39	0.4	1	4 35
131	30	0.4	1	8 22
132	36	0.4	1	11 25
133	31	0.4	1	8 23
134	29	0.4	1	8 21
135	18	0.4	1	6 12
136	29	0.4	1	10 19
137	14	0.4	1	4 10
138	13	0.4	1	2 11
139	19	0.4	1	3 16
140	20	0.4	1	4 16
141	25	0.4	1	6 19
142	19	0.4	1	3 16
143	19	0.4	1	1 18
144	29	0.4	1	3 26
145	36	0.4	1	11 25
146	37	0.4	1	1 36
147	65	0.4	1	5 60
148	38	0.4	1	0 38
149	144	0.4	1	1 143
150	1895	0.4	1	1 1894

RUN STATISTICS FOR INPUT FILE: Sham_Sal_2_1.fastq.gz
=============================================
24876193 sequences processed in total

