
SUMMARISING RUN PARAMETERS
==========================
Input filename: Sham_Sal_1_1.fastq.gz
Trimming mode: paired-end
Trim Galore version: 0.6.7
Cutadapt version: 3.4
Python version: could not detect
Number of cores used for trimming: 8
Quality Phred score cutoff: 20
Quality encoding type selected: ASCII+33
Using Illumina adapter for trimming (count: 487273). Second best hit was smallRNA (count: 13)
Adapter sequence: 'AGATCGGAAGAGC' (Illumina TruSeq, Sanger iPCR; auto-detected)
Maximum trimming error rate: 0.1 (default)
Minimum required adapter overlap (stringency): 1 bp
Minimum required sequence length for both reads before a sequence pair gets removed: 20 bp
Running FastQC on the data once trimming has completed
Running FastQC with the following extra arguments: -t 12
Output file will be GZIP compressed


This is cutadapt 3.4 with Python 3.9.6
Command line parameters: -j 8 -e 0.1 -q 20 -O 1 -a AGATCGGAAGAGC Sham_Sal_1_1.fastq.gz
Processing reads on 8 cores in single-end mode ...
Finished in 92.22 s (3 µs/read; 17.49 M reads/minute).

=== Summary ===

Total reads processed:              26,877,663
Reads with adapters:                21,016,841 (78.2%)
Reads written (passing filters):    26,877,663 (100.0%)

Total basepairs processed: 4,031,649,450 bp
Quality-trimmed:             193,026,850 bp (4.8%)
Total written (filtered):  3,050,021,493 bp (75.7%)

=== Adapter 1 ===

Sequence: AGATCGGAAGAGC; Type: regular 3'; Length: 13; Trimmed: 21016841 times

No. of allowed errors:
1-9 bp: 0; 10-13 bp: 1

Bases preceding removed adapters:
  A: 18.0%
  C: 36.2%
  G: 32.5%
  T: 13.2%
  none/other: 0.0%

Overview of removed sequences
length	count	expect	max.err	error counts
1	3659029	6719415.8	0	3659029
2	772377	1679853.9	0	772377
3	304273	419963.5	0	304273
4	136710	104990.9	0	136710
5	110230	26247.7	0	110230
6	106097	6561.9	0	106097
7	105607	1640.5	0	105607
8	104041	410.1	0	104041
9	100883	102.5	0	100356 527
10	116013	25.6	1	102734 13279
11	112157	6.4	1	99868 12289
12	120214	1.6	1	106379 13835
13	122989	0.4	1	109183 13806
14	128854	0.4	1	113696 15158
15	140499	0.4	1	124821 15678
16	141983	0.4	1	124553 17430
17	146583	0.4	1	129293 17290
18	161730	0.4	1	142096 19634
19	133926	0.4	1	118678 15248
20	144763	0.4	1	128831 15932
21	143796	0.4	1	128103 15693
22	155647	0.4	1	137603 18044
23	170000	0.4	1	152063 17937
24	170452	0.4	1	150511 19941
25	169520	0.4	1	149761 19759
26	171888	0.4	1	152289 19599
27	168235	0.4	1	148782 19453
28	172808	0.4	1	152870 19938
29	170865	0.4	1	151631 19234
30	173509	0.4	1	151688 21821
31	165684	0.4	1	145913 19771
32	170218	0.4	1	151025 19193
33	181420	0.4	1	159844 21576
34	198005	0.4	1	175522 22483
35	203164	0.4	1	179301 23863
36	217362	0.4	1	191651 25711
37	216718	0.4	1	191500 25218
38	221696	0.4	1	193184 28512
39	194481	0.4	1	170732 23749
40	207249	0.4	1	182826 24423
41	211980	0.4	1	187276 24704
42	239279	0.4	1	209565 29714
43	236758	0.4	1	207269 29489
44	231665	0.4	1	203328 28337
45	327441	0.4	1	290817 36624
46	170375	0.4	1	151957 18418
47	222075	0.4	1	197056 25019
48	267740	0.4	1	240005 27735
49	260441	0.4	1	231516 28925
50	234406	0.4	1	205771 28635
51	275114	0.4	1	244712 30402
52	272954	0.4	1	242497 30457
53	240599	0.4	1	211693 28906
54	252670	0.4	1	224209 28461
55	263473	0.4	1	230319 33154
56	238623	0.4	1	211938 26685
57	287734	0.4	1	258278 29456
58	285209	0.4	1	249627 35582
59	259030	0.4	1	228790 30240
60	238857	0.4	1	211403 27454
61	216689	0.4	1	191156 25533
62	204990	0.4	1	179869 25121
63	233103	0.4	1	205417 27686
64	233215	0.4	1	205537 27678
65	211270	0.4	1	185226 26044
66	252857	0.4	1	222007 30850
67	240420	0.4	1	213932 26488
68	215303	0.4	1	189238 26065
69	208547	0.4	1	182329 26218
70	226911	0.4	1	199838 27073
71	332538	0.4	1	239451 93087
72	1827888	0.4	1	1619775 208113
73	440970	0.4	1	385382 55588
74	134188	0.4	1	115649 18539
75	58056	0.4	1	49982 8074
76	42024	0.4	1	36163 5861
77	37592	0.4	1	32633 4959
78	30771	0.4	1	26777 3994
79	26609	0.4	1	23137 3472
80	25897	0.4	1	22513 3384
81	27155	0.4	1	23698 3457
82	25306	0.4	1	21873 3433
83	22904	0.4	1	19698 3206
84	20512	0.4	1	17791 2721
85	18054	0.4	1	15814 2240
86	17516	0.4	1	15357 2159
87	15567	0.4	1	13468 2099
88	14438	0.4	1	12602 1836
89	13250	0.4	1	11636 1614
90	11043	0.4	1	9639 1404
91	9929	0.4	1	8726 1203
92	8360	0.4	1	7220 1140
93	7935	0.4	1	6853 1082
94	6591	0.4	1	5687 904
95	5971	0.4	1	5169 802
96	5600	0.4	1	4895 705
97	5095	0.4	1	4431 664
98	4406	0.4	1	3789 617
99	4187	0.4	1	3691 496
100	3690	0.4	1	3210 480
101	3176	0.4	1	2689 487
102	2740	0.4	1	2330 410
103	2297	0.4	1	1943 354
104	1914	0.4	1	1584 330
105	1500	0.4	1	1252 248
106	1495	0.4	1	1248 247
107	1251	0.4	1	1040 211
108	1302	0.4	1	1093 209
109	1173	0.4	1	996 177
110	1023	0.4	1	840 183
111	842	0.4	1	676 166
112	706	0.4	1	571 135
113	602	0.4	1	497 105
114	552	0.4	1	439 113
115	385	0.4	1	296 89
116	421	0.4	1	330 91
117	424	0.4	1	334 90
118	378	0.4	1	288 90
119	371	0.4	1	281 90
120	384	0.4	1	275 109
121	305	0.4	1	219 86
122	302	0.4	1	217 85
123	308	0.4	1	253 55
124	188	0.4	1	135 53
125	160	0.4	1	103 57
126	160	0.4	1	95 65
127	141	0.4	1	81 60
128	135	0.4	1	67 68
129	105	0.4	1	68 37
130	73	0.4	1	27 46
131	77	0.4	1	24 53
132	63	0.4	1	18 45
133	83	0.4	1	30 53
134	71	0.4	1	25 46
135	102	0.4	1	37 65
136	81	0.4	1	20 61
137	68	0.4	1	8 60
138	74	0.4	1	7 67
139	67	0.4	1	3 64
140	68	0.4	1	1 67
141	76	0.4	1	2 74
142	63	0.4	1	1 62
143	78	0.4	1	4 74
144	98	0.4	1	8 90
145	179	0.4	1	32 147
146	161	0.4	1	5 156
147	214	0.4	1	1 213
148	343	0.4	1	2 341
149	1114	0.4	1	2 1112
150	13503	0.4	1	43 13460

RUN STATISTICS FOR INPUT FILE: Sham_Sal_1_1.fastq.gz
=============================================
26877663 sequences processed in total

