
SUMMARISING RUN PARAMETERS
==========================
Input filename: Sham_Sal_4_2.fastq.gz
Trimming mode: paired-end
Trim Galore version: 0.6.7
Cutadapt version: 3.4
Python version: could not detect
Number of cores used for trimming: 8
Quality Phred score cutoff: 20
Quality encoding type selected: ASCII+33
Using Illumina adapter for trimming (count: 303709). Second best hit was Nextera (count: 10)
Adapter sequence: 'AGATCGGAAGAGC' (Illumina TruSeq, Sanger iPCR; auto-detected)
Maximum trimming error rate: 0.1 (default)
Minimum required adapter overlap (stringency): 1 bp
Minimum required sequence length for both reads before a sequence pair gets removed: 20 bp
Running FastQC on the data once trimming has completed
Running FastQC with the following extra arguments: -t 12
Output file will be GZIP compressed


This is cutadapt 3.4 with Python 3.9.6
Command line parameters: -j 8 -e 0.1 -q 20 -O 1 -a AGATCGGAAGAGC Sham_Sal_4_2.fastq.gz
Processing reads on 8 cores in single-end mode ...
Finished in 121.87 s (5 µs/read; 12.90 M reads/minute).

=== Summary ===

Total reads processed:              26,193,820
Reads with adapters:                15,785,486 (60.3%)
Reads written (passing filters):    26,193,820 (100.0%)

Total basepairs processed: 3,929,073,000 bp
Quality-trimmed:             222,834,001 bp (5.7%)
Total written (filtered):  3,201,974,143 bp (81.5%)

=== Adapter 1 ===

Sequence: AGATCGGAAGAGC; Type: regular 3'; Length: 13; Trimmed: 15785486 times

No. of allowed errors:
1-9 bp: 0; 10-13 bp: 1

Bases preceding removed adapters:
  A: 14.7%
  C: 35.6%
  G: 37.4%
  T: 12.0%
  none/other: 0.3%

Overview of removed sequences
length	count	expect	max.err	error counts
1	3381451	6548455.0	0	3381451
2	1104151	1637113.8	0	1104151
3	411474	409278.4	0	411474
4	171219	102319.6	0	171219
5	151072	25579.9	0	151072
6	143221	6395.0	0	143221
7	135761	1598.7	0	135761
8	123611	399.7	0	123611
9	123528	99.9	0	122919 609
10	135503	25.0	1	119237 16266
11	126127	6.2	1	110951 15176
12	132283	1.6	1	115058 17225
13	149913	0.4	1	128431 21482
14	178231	0.4	1	152211 26020
15	110483	0.4	1	97408 13075
16	147157	0.4	1	127981 19176
17	127954	0.4	1	112324 15630
18	106120	0.4	1	94180 11940
19	128733	0.4	1	112835 15898
20	121669	0.4	1	106899 14770
21	117972	0.4	1	104764 13208
22	131456	0.4	1	115435 16021
23	142510	0.4	1	125354 17156
24	140899	0.4	1	123076 17823
25	137777	0.4	1	121298 16479
26	136390	0.4	1	120312 16078
27	134628	0.4	1	119303 15325
28	146583	0.4	1	129814 16769
29	127037	0.4	1	113499 13538
30	162491	0.4	1	143763 18728
31	105875	0.4	1	96118 9757
32	139611	0.4	1	125736 13875
33	124114	0.4	1	112268 11846
34	143602	0.4	1	128717 14885
35	135842	0.4	1	122252 13590
36	153503	0.4	1	138036 15467
37	109750	0.4	1	100604 9146
38	143964	0.4	1	130733 13231
39	115592	0.4	1	105931 9661
40	118622	0.4	1	109009 9613
41	116589	0.4	1	107332 9257
42	124461	0.4	1	113966 10495
43	120642	0.4	1	110753 9889
44	121377	0.4	1	111124 10253
45	129797	0.4	1	117887 11910
46	129251	0.4	1	118404 10847
47	127164	0.4	1	116138 11026
48	116090	0.4	1	106873 9217
49	120073	0.4	1	109941 10132
50	124734	0.4	1	114328 10406
51	114464	0.4	1	105168 9296
52	119413	0.4	1	109517 9896
53	134763	0.4	1	123138 11625
54	126219	0.4	1	115744 10475
55	108689	0.4	1	100630 8059
56	128618	0.4	1	118391 10227
57	119637	0.4	1	110085 9552
58	107947	0.4	1	99433 8514
59	101243	0.4	1	93581 7662
60	114928	0.4	1	105709 9219
61	96967	0.4	1	89960 7007
62	93760	0.4	1	86791 6969
63	122460	0.4	1	113484 8976
64	62721	0.4	1	58366 4355
65	85487	0.4	1	79815 5672
66	80687	0.4	1	75310 5377
67	93049	0.4	1	86242 6807
68	88656	0.4	1	82166 6490
69	87059	0.4	1	80442 6617
70	84640	0.4	1	78138 6502
71	83041	0.4	1	76503 6538
72	81694	0.4	1	74955 6739
73	86028	0.4	1	76261 9767
74	113108	0.4	1	90219 22889
75	845127	0.4	1	108062 737065
76	849768	0.4	1	609305 240463
77	155727	0.4	1	95040 60687
78	46303	0.4	1	22486 23817
79	23385	0.4	1	11872 11513
80	18149	0.4	1	9850 8299
81	14772	0.4	1	9102 5670
82	12495	0.4	1	8506 3989
83	11719	0.4	1	7795 3924
84	11394	0.4	1	8056 3338
85	10760	0.4	1	7528 3232
86	10482	0.4	1	7544 2938
87	9152	0.4	1	6646 2506
88	8407	0.4	1	6268 2139
89	7058	0.4	1	5317 1741
90	6478	0.4	1	4840 1638
91	5452	0.4	1	4167 1285
92	4664	0.4	1	3523 1141
93	4419	0.4	1	3305 1114
94	3801	0.4	1	2859 942
95	3557	0.4	1	2539 1018
96	3276	0.4	1	2372 904
97	2867	0.4	1	2038 829
98	2513	0.4	1	1827 686
99	2252	0.4	1	1584 668
100	2033	0.4	1	1397 636
101	1940	0.4	1	1375 565
102	1529	0.4	1	1047 482
103	1318	0.4	1	893 425
104	1056	0.4	1	633 423
105	893	0.4	1	567 326
106	841	0.4	1	517 324
107	816	0.4	1	492 324
108	734	0.4	1	456 278
109	714	0.4	1	441 273
110	611	0.4	1	360 251
111	559	0.4	1	313 246
112	413	0.4	1	202 211
113	394	0.4	1	183 211
114	349	0.4	1	138 211
115	317	0.4	1	132 185
116	298	0.4	1	105 193
117	286	0.4	1	99 187
118	270	0.4	1	97 173
119	216	0.4	1	62 154
120	206	0.4	1	68 138
121	211	0.4	1	73 138
122	168	0.4	1	41 127
123	170	0.4	1	48 122
124	149	0.4	1	35 114
125	136	0.4	1	36 100
126	112	0.4	1	40 72
127	119	0.4	1	19 100
128	120	0.4	1	27 93
129	98	0.4	1	8 90
130	107	0.4	1	28 79
131	88	0.4	1	16 72
132	108	0.4	1	16 92
133	103	0.4	1	18 85
134	93	0.4	1	23 70
135	104	0.4	1	24 80
136	121	0.4	1	22 99
137	101	0.4	1	15 86
138	91	0.4	1	13 78
139	87	0.4	1	12 75
140	102	0.4	1	8 94
141	141	0.4	1	15 126
142	136	0.4	1	7 129
143	127	0.4	1	6 121
144	195	0.4	1	13 182
145	294	0.4	1	33 261
146	437	0.4	1	9 428
147	711	0.4	1	13 698
148	1079	0.4	1	34 1045
149	5631	0.4	1	296 5335
150	141242	0.4	1	1755 139487

RUN STATISTICS FOR INPUT FILE: Sham_Sal_4_2.fastq.gz
=============================================
26193820 sequences processed in total

Total number of sequences analysed for the sequence pair length validation: 26193820

Number of sequence pairs removed because at least one read was shorter than the length cutoff (20 bp): 1439183 (5.49%)
