
SUMMARISING RUN PARAMETERS
==========================
Input filename: Sham_Sal_4_1.fastq.gz
Trimming mode: paired-end
Trim Galore version: 0.6.7
Cutadapt version: 3.4
Python version: could not detect
Number of cores used for trimming: 8
Quality Phred score cutoff: 20
Quality encoding type selected: ASCII+33
Using Illumina adapter for trimming (count: 303709). Second best hit was Nextera (count: 10)
Adapter sequence: 'AGATCGGAAGAGC' (Illumina TruSeq, Sanger iPCR; auto-detected)
Maximum trimming error rate: 0.1 (default)
Minimum required adapter overlap (stringency): 1 bp
Minimum required sequence length for both reads before a sequence pair gets removed: 20 bp
Running FastQC on the data once trimming has completed
Running FastQC with the following extra arguments: -t 12
Output file will be GZIP compressed


This is cutadapt 3.4 with Python 3.9.6
Command line parameters: -j 8 -e 0.1 -q 20 -O 1 -a AGATCGGAAGAGC Sham_Sal_4_1.fastq.gz
Processing reads on 8 cores in single-end mode ...
Finished in 111.23 s (4 µs/read; 14.13 M reads/minute).

=== Summary ===

Total reads processed:              26,193,820
Reads with adapters:                16,347,407 (62.4%)
Reads written (passing filters):    26,193,820 (100.0%)

Total basepairs processed: 3,929,073,000 bp
Quality-trimmed:             113,159,288 bp (2.9%)
Total written (filtered):  3,298,195,115 bp (83.9%)

=== Adapter 1 ===

Sequence: AGATCGGAAGAGC; Type: regular 3'; Length: 13; Trimmed: 16347407 times

No. of allowed errors:
1-9 bp: 0; 10-13 bp: 1

Bases preceding removed adapters:
  A: 15.9%
  C: 32.0%
  G: 35.2%
  T: 16.9%
  none/other: 0.0%

Overview of removed sequences
length	count	expect	max.err	error counts
1	3448989	6548455.0	0	3448989
2	1164128	1637113.8	0	1164128
3	413671	409278.4	0	413671
4	183485	102319.6	0	183485
5	149397	25579.9	0	149397
6	140828	6395.0	0	140828
7	143054	1598.7	0	143054
8	135998	399.7	0	135998
9	136152	99.9	0	135562 590
10	141251	25.0	1	132786 8465
11	138388	6.2	1	130153 8235
12	143348	1.6	1	134183 9165
13	142816	0.4	1	133439 9377
14	142660	0.4	1	133065 9595
15	141984	0.4	1	132515 9469
16	141280	0.4	1	131462 9818
17	143778	0.4	1	133507 10271
18	146290	0.4	1	136232 10058
19	139804	0.4	1	130285 9519
20	140438	0.4	1	131225 9213
21	139354	0.4	1	130262 9092
22	147436	0.4	1	137138 10298
23	142443	0.4	1	132958 9485
24	144526	0.4	1	134621 9905
25	145354	0.4	1	135698 9656
26	139350	0.4	1	130446 8904
27	141782	0.4	1	132569 9213
28	142965	0.4	1	133664 9301
29	138204	0.4	1	128991 9213
30	138899	0.4	1	129653 9246
31	135061	0.4	1	126518 8543
32	146308	0.4	1	137038 9270
33	137741	0.4	1	128823 8918
34	143826	0.4	1	134712 9114
35	138585	0.4	1	129920 8665
36	137203	0.4	1	128273 8930
37	139908	0.4	1	131102 8806
38	135611	0.4	1	126830 8781
39	134840	0.4	1	125956 8884
40	136219	0.4	1	126899 9320
41	132298	0.4	1	124024 8274
42	132626	0.4	1	124027 8599
43	137427	0.4	1	128303 9124
44	129086	0.4	1	120821 8265
45	170257	0.4	1	159894 10363
46	94642	0.4	1	89153 5489
47	112959	0.4	1	106330 6629
48	124620	0.4	1	117089 7531
49	121205	0.4	1	113856 7349
50	121889	0.4	1	114403 7486
51	120147	0.4	1	112869 7278
52	122089	0.4	1	114979 7110
53	121234	0.4	1	113736 7498
54	118686	0.4	1	111492 7194
55	125191	0.4	1	117391 7800
56	114574	0.4	1	107897 6677
57	115926	0.4	1	109589 6337
58	113326	0.4	1	106602 6724
59	106726	0.4	1	100305 6421
60	101687	0.4	1	95699 5988
61	98561	0.4	1	92963 5598
62	99988	0.4	1	94160 5828
63	105826	0.4	1	99741 6085
64	101047	0.4	1	95370 5677
65	95180	0.4	1	89454 5726
66	104081	0.4	1	97712 6369
67	95028	0.4	1	89368 5660
68	93986	0.4	1	87884 6102
69	95709	0.4	1	87216 8493
70	112623	0.4	1	92892 19731
71	800798	0.4	1	109916 690882
72	976479	0.4	1	771652 204827
73	233609	0.4	1	180008 53601
74	95177	0.4	1	53174 42003
75	43694	0.4	1	24394 19300
76	30157	0.4	1	16535 13622
77	22211	0.4	1	14891 7320
78	17769	0.4	1	12712 5057
79	16673	0.4	1	12271 4402
80	14862	0.4	1	11018 3844
81	13897	0.4	1	10340 3557
82	13248	0.4	1	10179 3069
83	12148	0.4	1	9511 2637
84	11192	0.4	1	8849 2343
85	10666	0.4	1	8507 2159
86	10021	0.4	1	7918 2103
87	9180	0.4	1	7220 1960
88	8583	0.4	1	6910 1673
89	7775	0.4	1	6257 1518
90	6670	0.4	1	5328 1342
91	5918	0.4	1	4630 1288
92	5159	0.4	1	4014 1145
93	4581	0.4	1	3570 1011
94	4228	0.4	1	3193 1035
95	3924	0.4	1	2956 968
96	3482	0.4	1	2535 947
97	3162	0.4	1	2302 860
98	2948	0.4	1	2142 806
99	2609	0.4	1	1907 702
100	2438	0.4	1	1728 710
101	2230	0.4	1	1519 711
102	1746	0.4	1	1177 569
103	1575	0.4	1	954 621
104	1309	0.4	1	687 622
105	1091	0.4	1	550 541
106	1044	0.4	1	542 502
107	1027	0.4	1	475 552
108	1010	0.4	1	458 552
109	981	0.4	1	423 558
110	838	0.4	1	353 485
111	854	0.4	1	313 541
112	748	0.4	1	233 515
113	699	0.4	1	193 506
114	691	0.4	1	159 532
115	643	0.4	1	144 499
116	629	0.4	1	101 528
117	580	0.4	1	120 460
118	540	0.4	1	82 458
119	552	0.4	1	71 481
120	566	0.4	1	70 496
121	578	0.4	1	82 496
122	510	0.4	1	57 453
123	508	0.4	1	72 436
124	543	0.4	1	46 497
125	476	0.4	1	31 445
126	513	0.4	1	46 467
127	481	0.4	1	28 453
128	561	0.4	1	31 530
129	530	0.4	1	34 496
130	563	0.4	1	34 529
131	580	0.4	1	26 554
132	651	0.4	1	43 608
133	674	0.4	1	48 626
134	659	0.4	1	53 606
135	719	0.4	1	37 682
136	1526	0.4	1	50 1476
137	870	0.4	1	64 806
138	703	0.4	1	51 652
139	614	0.4	1	26 588
140	667	0.4	1	18 649
141	749	0.4	1	34 715
142	878	0.4	1	29 849
143	1033	0.4	1	31 1002
144	1183	0.4	1	34 1149
145	1558	0.4	1	26 1532
146	2066	0.4	1	38 2028
147	3158	0.4	1	52 3106
148	4446	0.4	1	86 4360
149	14229	0.4	1	418 13811
150	170592	0.4	1	2279 168313

RUN STATISTICS FOR INPUT FILE: Sham_Sal_4_1.fastq.gz
=============================================
26193820 sequences processed in total

