
SUMMARISING RUN PARAMETERS
==========================
Input filename: Sham_oxy_1_1.fastq.gz
Trimming mode: paired-end
Trim Galore version: 0.6.7
Cutadapt version: 3.4
Python version: could not detect
Number of cores used for trimming: 8
Quality Phred score cutoff: 20
Quality encoding type selected: ASCII+33
Using Illumina adapter for trimming (count: 649195). Second best hit was smallRNA (count: 5)
Adapter sequence: 'AGATCGGAAGAGC' (Illumina TruSeq, Sanger iPCR; auto-detected)
Maximum trimming error rate: 0.1 (default)
Minimum required adapter overlap (stringency): 1 bp
Minimum required sequence length for both reads before a sequence pair gets removed: 20 bp
Running FastQC on the data once trimming has completed
Running FastQC with the following extra arguments: -t 12
Output file will be GZIP compressed


This is cutadapt 3.4 with Python 3.9.6
Command line parameters: -j 8 -e 0.1 -q 20 -O 1 -a AGATCGGAAGAGC Sham_oxy_1_1.fastq.gz
Processing reads on 8 cores in single-end mode ...
Finished in 70.90 s (3 µs/read; 22.17 M reads/minute).

=== Summary ===

Total reads processed:              26,198,436
Reads with adapters:                23,205,031 (88.6%)
Reads written (passing filters):    26,198,436 (100.0%)

Total basepairs processed: 3,929,765,400 bp
Quality-trimmed:             123,950,780 bp (3.2%)
Total written (filtered):  2,618,663,729 bp (66.6%)

=== Adapter 1 ===

Sequence: AGATCGGAAGAGC; Type: regular 3'; Length: 13; Trimmed: 23205031 times

No. of allowed errors:
1-9 bp: 0; 10-13 bp: 1

Bases preceding removed adapters:
  A: 7.7%
  C: 43.9%
  G: 39.3%
  T: 9.1%
  none/other: 0.0%

Overview of removed sequences
length	count	expect	max.err	error counts
1	1418701	6549609.0	0	1418701
2	332410	1637402.2	0	332410
3	146392	409350.6	0	146392
4	76106	102337.6	0	76106
5	65823	25584.4	0	65823
6	63000	6396.1	0	63000
7	65881	1599.0	0	65881
8	66312	399.8	0	66312
9	65639	99.9	0	65387 252
10	78969	25.0	1	66765 12204
11	76615	6.2	1	66152 10463
12	79811	1.6	1	67533 12278
13	82117	0.4	1	69568 12549
14	85139	0.4	1	72504 12635
15	92067	0.4	1	78486 13581
16	94998	0.4	1	79350 15648
17	100633	0.4	1	84769 15864
18	115336	0.4	1	96733 18603
19	101376	0.4	1	86843 14533
20	108980	0.4	1	91975 17005
21	111158	0.4	1	94591 16567
22	118204	0.4	1	99225 18979
23	129936	0.4	1	111743 18193
24	130329	0.4	1	110478 19851
25	126183	0.4	1	105702 20481
26	129628	0.4	1	109588 20040
27	127729	0.4	1	107595 20134
28	134828	0.4	1	114294 20534
29	136376	0.4	1	116871 19505
30	144241	0.4	1	119988 24253
31	138838	0.4	1	117391 21447
32	144113	0.4	1	122557 21556
33	165494	0.4	1	140036 25458
34	186616	0.4	1	159498 27118
35	188475	0.4	1	156816 31659
36	206825	0.4	1	172584 34241
37	205514	0.4	1	173310 32204
38	215540	0.4	1	176525 39015
39	191296	0.4	1	158889 32407
40	213047	0.4	1	178721 34326
41	221965	0.4	1	188081 33884
42	251310	0.4	1	208583 42727
43	251317	0.4	1	211836 39481
44	249820	0.4	1	209965 39855
45	374708	0.4	1	315379 59329
46	189280	0.4	1	160281 28999
47	281420	0.4	1	239842 41578
48	327873	0.4	1	279779 48094
49	346495	0.4	1	295130 51365
50	311657	0.4	1	259076 52581
51	347319	0.4	1	292756 54563
52	353939	0.4	1	301336 52603
53	306555	0.4	1	255260 51295
54	328717	0.4	1	278641 50076
55	349088	0.4	1	291719 57369
56	322695	0.4	1	272421 50274
57	383736	0.4	1	329679 54057
58	393157	0.4	1	330428 62729
59	377150	0.4	1	317409 59741
60	356460	0.4	1	298776 57684
61	321988	0.4	1	266032 55956
62	304926	0.4	1	251652 53274
63	351389	0.4	1	295914 55475
64	356920	0.4	1	303256 53664
65	345321	0.4	1	288796 56525
66	428870	0.4	1	356805 72065
67	413117	0.4	1	351502 61615
68	375225	0.4	1	306794 68431
69	373088	0.4	1	305708 67380
70	421014	0.4	1	352785 68229
71	539771	0.4	1	432939 106832
72	3846446	0.4	1	3237381 609065
73	961742	0.4	1	800648 161094
74	288049	0.4	1	240222 47827
75	119216	0.4	1	99043 20173
76	80837	0.4	1	67616 13221
77	73766	0.4	1	61671 12095
78	59792	0.4	1	49838 9954
79	51384	0.4	1	42441 8943
80	51755	0.4	1	42849 8906
81	57422	0.4	1	47686 9736
82	53742	0.4	1	44446 9296
83	48276	0.4	1	38871 9405
84	43063	0.4	1	35107 7956
85	39301	0.4	1	32447 6854
86	38432	0.4	1	31848 6584
87	34642	0.4	1	27925 6717
88	33805	0.4	1	27460 6345
89	33730	0.4	1	28115 5615
90	26197	0.4	1	21058 5139
91	24644	0.4	1	20587 4057
92	20651	0.4	1	16909 3742
93	19877	0.4	1	16144 3733
94	17877	0.4	1	14751 3126
95	15521	0.4	1	12859 2662
96	15422	0.4	1	12864 2558
97	14456	0.4	1	11928 2528
98	12073	0.4	1	9929 2144
99	11631	0.4	1	9697 1934
100	9658	0.4	1	7940 1718
101	8265	0.4	1	6785 1480
102	7187	0.4	1	5844 1343
103	6155	0.4	1	5132 1023
104	5198	0.4	1	4315 883
105	4512	0.4	1	3729 783
106	4558	0.4	1	3774 784
107	4313	0.4	1	3607 706
108	4179	0.4	1	3524 655
109	4112	0.4	1	3464 648
110	3487	0.4	1	2906 581
111	3021	0.4	1	2508 513
112	2526	0.4	1	2110 416
113	2530	0.4	1	2112 418
114	1938	0.4	1	1583 355
115	1946	0.4	1	1617 329
116	1957	0.4	1	1661 296
117	2162	0.4	1	1855 307
118	1919	0.4	1	1618 301
119	1600	0.4	1	1333 267
120	1589	0.4	1	1321 268
121	1480	0.4	1	1245 235
122	1078	0.4	1	897 181
123	1111	0.4	1	942 169
124	798	0.4	1	647 151
125	613	0.4	1	498 115
126	507	0.4	1	422 85
127	410	0.4	1	339 71
128	458	0.4	1	395 63
129	385	0.4	1	311 74
130	258	0.4	1	211 47
131	183	0.4	1	131 52
132	119	0.4	1	91 28
133	108	0.4	1	89 19
134	103	0.4	1	81 22
135	81	0.4	1	58 23
136	171	0.4	1	125 46
137	61	0.4	1	34 27
138	55	0.4	1	29 26
139	20	0.4	1	9 11
140	25	0.4	1	6 19
141	14	0.4	1	5 9
142	37	0.4	1	8 29
143	12	0.4	1	1 11
144	28	0.4	1	1 27
145	55	0.4	1	12 43
146	44	0.4	1	1 43
147	69	0.4	1	2 67
148	102	0.4	1	7 95
149	225	0.4	1	1 224
150	2895	0.4	1	3 2892

RUN STATISTICS FOR INPUT FILE: Sham_oxy_1_1.fastq.gz
=============================================
26198436 sequences processed in total

