
SUMMARISING RUN PARAMETERS
==========================
Input filename: Sham_oxy_4_1.fastq.gz
Trimming mode: paired-end
Trim Galore version: 0.6.7
Cutadapt version: 3.4
Python version: could not detect
Number of cores used for trimming: 8
Quality Phred score cutoff: 20
Quality encoding type selected: ASCII+33
Using Illumina adapter for trimming (count: 430971). Second best hit was Nextera (count: 16)
Adapter sequence: 'AGATCGGAAGAGC' (Illumina TruSeq, Sanger iPCR; auto-detected)
Maximum trimming error rate: 0.1 (default)
Minimum required adapter overlap (stringency): 1 bp
Minimum required sequence length for both reads before a sequence pair gets removed: 20 bp
Running FastQC on the data once trimming has completed
Running FastQC with the following extra arguments: -t 12
Output file will be GZIP compressed


This is cutadapt 3.4 with Python 3.9.6
Command line parameters: -j 8 -e 0.1 -q 20 -O 1 -a AGATCGGAAGAGC Sham_oxy_4_1.fastq.gz
Processing reads on 8 cores in single-end mode ...
Finished in 97.56 s (4 µs/read; 14.34 M reads/minute).

=== Summary ===

Total reads processed:              23,320,167
Reads with adapters:                16,344,796 (70.1%)
Reads written (passing filters):    23,320,167 (100.0%)

Total basepairs processed: 3,498,025,050 bp
Quality-trimmed:              37,486,677 bp (1.1%)
Total written (filtered):  2,913,997,469 bp (83.3%)

=== Adapter 1 ===

Sequence: AGATCGGAAGAGC; Type: regular 3'; Length: 13; Trimmed: 16344796 times

No. of allowed errors:
1-9 bp: 0; 10-13 bp: 1

Bases preceding removed adapters:
  A: 14.3%
  C: 33.8%
  G: 35.5%
  T: 16.4%
  none/other: 0.0%

Overview of removed sequences
length	count	expect	max.err	error counts
1	2801071	5830041.8	0	2801071
2	897733	1457510.4	0	897733
3	361289	364377.6	0	361289
4	167397	91094.4	0	167397
5	132828	22773.6	0	132828
6	127406	5693.4	0	127406
7	127781	1423.4	0	127781
8	125261	355.8	0	125261
9	125992	89.0	0	125619 373
10	135434	22.2	1	127518 7916
11	131866	5.6	1	123789 8077
12	134466	1.4	1	125415 9051
13	134451	0.3	1	125168 9283
14	137538	0.3	1	127914 9624
15	139582	0.3	1	130012 9570
16	138811	0.3	1	129172 9639
17	143600	0.3	1	133067 10533
18	145493	0.3	1	134843 10650
19	140508	0.3	1	130865 9643
20	144905	0.3	1	135367 9538
21	145256	0.3	1	135268 9988
22	154016	0.3	1	142949 11067
23	150684	0.3	1	140421 10263
24	150382	0.3	1	140138 10244
25	151727	0.3	1	141101 10626
26	146783	0.3	1	137128 9655
27	147596	0.3	1	138019 9577
28	152462	0.3	1	142052 10410
29	150271	0.3	1	140330 9941
30	155227	0.3	1	144271 10956
31	151881	0.3	1	141617 10264
32	164370	0.3	1	153593 10777
33	155782	0.3	1	145623 10159
34	164235	0.3	1	153053 11182
35	160069	0.3	1	149164 10905
36	160933	0.3	1	149937 10996
37	163109	0.3	1	152091 11018
38	156258	0.3	1	145409 10849
39	156110	0.3	1	145053 11057
40	164498	0.3	1	152715 11783
41	167019	0.3	1	155662 11357
42	168280	0.3	1	156225 12055
43	174296	0.3	1	161624 12672
44	163069	0.3	1	151851 11218
45	219283	0.3	1	204747 14536
46	117683	0.3	1	110165 7518
47	148683	0.3	1	139407 9276
48	168835	0.3	1	158025 10810
49	166761	0.3	1	155864 10897
50	160921	0.3	1	150121 10800
51	174023	0.3	1	162847 11176
52	171916	0.3	1	160846 11070
53	162538	0.3	1	152105 10433
54	164814	0.3	1	154112 10702
55	165110	0.3	1	153694 11416
56	156177	0.3	1	146650 9527
57	169451	0.3	1	159498 9953
58	166551	0.3	1	155369 11182
59	153779	0.3	1	143786 9993
60	145575	0.3	1	136360 9215
61	139181	0.3	1	130479 8702
62	137426	0.3	1	128701 8725
63	148783	0.3	1	139098 9685
64	148133	0.3	1	138792 9341
65	136348	0.3	1	127527 8821
66	151118	0.3	1	141014 10104
67	143142	0.3	1	134730 8412
68	133502	0.3	1	125300 8202
69	130603	0.3	1	121987 8616
70	145596	0.3	1	135828 9768
71	190560	0.3	1	166534 24026
72	1230838	0.3	1	1165490 65348
73	292239	0.3	1	273271 18968
74	88175	0.3	1	82107 6068
75	38366	0.3	1	35463 2903
76	27173	0.3	1	25166 2007
77	23548	0.3	1	21930 1618
78	19725	0.3	1	18327 1398
79	18715	0.3	1	17382 1333
80	18521	0.3	1	17205 1316
81	18712	0.3	1	17467 1245
82	17271	0.3	1	16025 1246
83	16176	0.3	1	14979 1197
84	14626	0.3	1	13580 1046
85	13605	0.3	1	12702 903
86	13357	0.3	1	12412 945
87	11515	0.3	1	10693 822
88	11295	0.3	1	10526 769
89	10302	0.3	1	9635 667
90	8510	0.3	1	7921 589
91	7830	0.3	1	7245 585
92	6735	0.3	1	6222 513
93	6371	0.3	1	5912 459
94	5379	0.3	1	4977 402
95	4779	0.3	1	4411 368
96	4279	0.3	1	3963 316
97	4015	0.3	1	3745 270
98	3445	0.3	1	3204 241
99	3122	0.3	1	2909 213
100	2903	0.3	1	2711 192
101	2414	0.3	1	2228 186
102	1933	0.3	1	1783 150
103	1528	0.3	1	1405 123
104	1255	0.3	1	1151 104
105	1023	0.3	1	926 97
106	991	0.3	1	899 92
107	848	0.3	1	764 84
108	808	0.3	1	749 59
109	716	0.3	1	646 70
110	626	0.3	1	560 66
111	544	0.3	1	484 60
112	389	0.3	1	351 38
113	356	0.3	1	315 41
114	297	0.3	1	256 41
115	242	0.3	1	206 36
116	205	0.3	1	174 31
117	224	0.3	1	195 29
118	222	0.3	1	177 45
119	174	0.3	1	142 32
120	144	0.3	1	114 30
121	130	0.3	1	111 19
122	120	0.3	1	85 35
123	111	0.3	1	91 20
124	88	0.3	1	65 23
125	89	0.3	1	61 28
126	66	0.3	1	53 13
127	55	0.3	1	39 16
128	69	0.3	1	47 22
129	75	0.3	1	46 29
130	58	0.3	1	26 32
131	62	0.3	1	30 32
132	54	0.3	1	25 29
133	40	0.3	1	27 13
134	44	0.3	1	22 22
135	51	0.3	1	30 21
136	60	0.3	1	26 34
137	36	0.3	1	10 26
138	31	0.3	1	14 17
139	24	0.3	1	5 19
140	10	0.3	1	3 7
141	25	0.3	1	2 23
142	30	0.3	1	2 28
143	14	0.3	1	4 10
144	37	0.3	1	3 34
145	65	0.3	1	24 41
146	53	0.3	1	2 51
147	72	0.3	1	6 66
148	60	0.3	1	4 56
149	168	0.3	1	1 167
150	2316	0.3	1	1 2315

RUN STATISTICS FOR INPUT FILE: Sham_oxy_4_1.fastq.gz
=============================================
23320167 sequences processed in total

