
SUMMARISING RUN PARAMETERS
==========================
Input filename: SNI_Sal_2_2.fastq.gz
Trimming mode: paired-end
Trim Galore version: 0.6.7
Cutadapt version: 3.4
Python version: could not detect
Number of cores used for trimming: 8
Quality Phred score cutoff: 20
Quality encoding type selected: ASCII+33
Using Illumina adapter for trimming (count: 283125). Second best hit was Nextera (count: 2)
Adapter sequence: 'AGATCGGAAGAGC' (Illumina TruSeq, Sanger iPCR; auto-detected)
Maximum trimming error rate: 0.1 (default)
Minimum required adapter overlap (stringency): 1 bp
Minimum required sequence length for both reads before a sequence pair gets removed: 20 bp
Running FastQC on the data once trimming has completed
Running FastQC with the following extra arguments: -t 12
Output file will be GZIP compressed


This is cutadapt 3.4 with Python 3.9.6
Command line parameters: -j 8 -e 0.1 -q 20 -O 1 -a AGATCGGAAGAGC SNI_Sal_2_2.fastq.gz
Processing reads on 8 cores in single-end mode ...
Finished in 86.55 s (4 µs/read; 17.05 M reads/minute).

=== Summary ===

Total reads processed:              24,591,295
Reads with adapters:                14,124,613 (57.4%)
Reads written (passing filters):    24,591,295 (100.0%)

Total basepairs processed: 3,688,694,250 bp
Quality-trimmed:             201,556,684 bp (5.5%)
Total written (filtered):  3,075,180,282 bp (83.4%)

=== Adapter 1 ===

Sequence: AGATCGGAAGAGC; Type: regular 3'; Length: 13; Trimmed: 14124613 times

No. of allowed errors:
1-9 bp: 0; 10-13 bp: 1

Bases preceding removed adapters:
  A: 17.7%
  C: 42.8%
  G: 29.1%
  T: 10.3%
  none/other: 0.0%

Overview of removed sequences
length	count	expect	max.err	error counts
1	3359985	6147823.8	0	3359985
2	866509	1536955.9	0	866509
3	314036	384239.0	0	314036
4	127767	96059.7	0	127767
5	130911	24014.9	0	130911
6	116975	6003.7	0	116975
7	121229	1500.9	0	121229
8	107032	375.2	0	107032
9	103414	93.8	0	103087 327
10	134870	23.5	1	106062 28808
11	123194	5.9	1	97782 25412
12	134339	1.5	1	106390 27949
13	145938	0.4	1	113087 32851
14	172341	0.4	1	132579 39762
15	102269	0.4	1	82068 20201
16	132849	0.4	1	103471 29378
17	129510	0.4	1	101802 27708
18	95453	0.4	1	77006 18447
19	127510	0.4	1	100272 27238
20	113809	0.4	1	90074 23735
21	109820	0.4	1	87044 22776
22	126978	0.4	1	99372 27606
23	140442	0.4	1	111922 28520
24	160522	0.4	1	124134 36388
25	116129	0.4	1	92613 23516
26	124585	0.4	1	98337 26248
27	118700	0.4	1	93419 25281
28	145706	0.4	1	115474 30232
29	114380	0.4	1	91280 23100
30	168763	0.4	1	133783 34980
31	84708	0.4	1	68872 15836
32	136173	0.4	1	109236 26937
33	115206	0.4	1	92753 22453
34	124892	0.4	1	100865 24027
35	126188	0.4	1	101699 24489
36	119503	0.4	1	96908 22595
37	142155	0.4	1	114098 28057
38	128619	0.4	1	102382 26237
39	121762	0.4	1	98694 23068
40	122513	0.4	1	99491 23022
41	122085	0.4	1	98516 23569
42	128809	0.4	1	103003 25806
43	121072	0.4	1	97280 23792
44	126747	0.4	1	100714 26033
45	124450	0.4	1	99300 25150
46	126225	0.4	1	102134 24091
47	124236	0.4	1	99244 24992
48	122626	0.4	1	99852 22774
49	122945	0.4	1	99723 23222
50	119423	0.4	1	97075 22348
51	112922	0.4	1	90801 22121
52	120085	0.4	1	96842 23243
53	129343	0.4	1	103085 26258
54	125801	0.4	1	100438 25363
55	106138	0.4	1	86400 19738
56	128395	0.4	1	103792 24603
57	126762	0.4	1	101652 25110
58	115539	0.4	1	92704 22835
59	102742	0.4	1	83720 19022
60	119690	0.4	1	97049 22641
61	101510	0.4	1	82487 19023
62	96121	0.4	1	78185 17936
63	128039	0.4	1	102931 25108
64	67506	0.4	1	55133 12373
65	87441	0.4	1	70840 16601
66	84388	0.4	1	69593 14795
67	95931	0.4	1	78470 17461
68	89053	0.4	1	72441 16612
69	87778	0.4	1	71249 16529
70	81807	0.4	1	66618 15189
71	80292	0.4	1	65657 14635
72	80343	0.4	1	65540 14803
73	86058	0.4	1	70843 15215
74	95840	0.4	1	78174 17666
75	146668	0.4	1	91771 54897
76	762682	0.4	1	622120 140562
77	126367	0.4	1	100645 25722
78	29153	0.4	1	22815 6338
79	13891	0.4	1	10877 3014
80	11767	0.4	1	9238 2529
81	10868	0.4	1	8646 2222
82	10257	0.4	1	8230 2027
83	8826	0.4	1	6795 2031
84	9080	0.4	1	7200 1880
85	8299	0.4	1	6558 1741
86	8839	0.4	1	7091 1748
87	7810	0.4	1	6245 1565
88	6704	0.4	1	5359 1345
89	6400	0.4	1	5142 1258
90	5618	0.4	1	4504 1114
91	4913	0.4	1	3960 953
92	4465	0.4	1	3548 917
93	4337	0.4	1	3524 813
94	3733	0.4	1	2976 757
95	3323	0.4	1	2667 656
96	3167	0.4	1	2543 624
97	2681	0.4	1	2139 542
98	2290	0.4	1	1847 443
99	2306	0.4	1	1884 422
100	2073	0.4	1	1656 417
101	2030	0.4	1	1620 410
102	1599	0.4	1	1221 378
103	1358	0.4	1	1036 322
104	1111	0.4	1	822 289
105	864	0.4	1	651 213
106	831	0.4	1	657 174
107	836	0.4	1	679 157
108	795	0.4	1	619 176
109	751	0.4	1	607 144
110	663	0.4	1	516 147
111	606	0.4	1	473 133
112	442	0.4	1	323 119
113	383	0.4	1	286 97
114	304	0.4	1	228 76
115	293	0.4	1	192 101
116	244	0.4	1	168 76
117	267	0.4	1	207 60
118	206	0.4	1	153 53
119	181	0.4	1	136 45
120	190	0.4	1	130 60
121	163	0.4	1	112 51
122	159	0.4	1	106 53
123	148	0.4	1	109 39
124	121	0.4	1	90 31
125	87	0.4	1	56 31
126	113	0.4	1	81 32
127	82	0.4	1	51 31
128	80	0.4	1	54 26
129	48	0.4	1	29 19
130	86	0.4	1	55 31
131	68	0.4	1	26 42
132	58	0.4	1	30 28
133	40	0.4	1	27 13
134	60	0.4	1	31 29
135	35	0.4	1	13 22
136	77	0.4	1	46 31
137	20	0.4	1	5 15
138	30	0.4	1	14 16
139	21	0.4	1	0 21
140	27	0.4	1	4 23
141	22	0.4	1	10 12
142	17	0.4	1	2 15
143	17	0.4	1	0 17
144	19	0.4	1	0 19
145	43	0.4	1	4 39
146	49	0.4	1	0 49
147	82	0.4	1	2 80
148	212	0.4	1	7 205
149	238	0.4	1	1 237
150	6094	0.4	1	10 6084

RUN STATISTICS FOR INPUT FILE: SNI_Sal_2_2.fastq.gz
=============================================
24591295 sequences processed in total

Total number of sequences analysed for the sequence pair length validation: 24591295

Number of sequence pairs removed because at least one read was shorter than the length cutoff (20 bp): 268682 (1.09%)
