
SUMMARISING RUN PARAMETERS
==========================
Input filename: SNI_oxy_3_1.fastq.gz
Trimming mode: paired-end
Trim Galore version: 0.6.7
Cutadapt version: 3.4
Python version: could not detect
Number of cores used for trimming: 8
Quality Phred score cutoff: 20
Quality encoding type selected: ASCII+33
Using Illumina adapter for trimming (count: 201012). Second best hit was smallRNA (count: 14)
Adapter sequence: 'AGATCGGAAGAGC' (Illumina TruSeq, Sanger iPCR; auto-detected)
Maximum trimming error rate: 0.1 (default)
Minimum required adapter overlap (stringency): 1 bp
Minimum required sequence length for both reads before a sequence pair gets removed: 20 bp
Running FastQC on the data once trimming has completed
Running FastQC with the following extra arguments: -t 12
Output file will be GZIP compressed


This is cutadapt 3.4 with Python 3.9.6
Command line parameters: -j 8 -e 0.1 -q 20 -O 1 -a AGATCGGAAGAGC SNI_oxy_3_1.fastq.gz
Processing reads on 8 cores in single-end mode ...
Finished in 90.22 s (4 µs/read; 13.75 M reads/minute).

=== Summary ===

Total reads processed:              20,677,059
Reads with adapters:                11,260,460 (54.5%)
Reads written (passing filters):    20,677,059 (100.0%)

Total basepairs processed: 3,101,558,850 bp
Quality-trimmed:              65,362,699 bp (2.1%)
Total written (filtered):  2,780,574,806 bp (89.7%)

=== Adapter 1 ===

Sequence: AGATCGGAAGAGC; Type: regular 3'; Length: 13; Trimmed: 11260460 times

No. of allowed errors:
1-9 bp: 0; 10-13 bp: 1

Bases preceding removed adapters:
  A: 20.9%
  C: 30.3%
  G: 31.6%
  T: 16.7%
  none/other: 0.6%

Overview of removed sequences
length	count	expect	max.err	error counts
1	3618758	5169264.8	0	3618758
2	1099728	1292316.2	0	1099728
3	399569	323079.0	0	399569
4	158718	80769.8	0	158718
5	113025	20192.4	0	113025
6	103141	5048.1	0	103141
7	101264	1262.0	0	101264
8	98453	315.5	0	98453
9	96009	78.9	0	95555 454
10	102929	19.7	1	97676 5253
11	95859	4.9	1	90755 5104
12	98894	1.2	1	93034 5860
13	96601	0.3	1	90835 5766
14	97132	0.3	1	91409 5723
15	96840	0.3	1	90989 5851
16	93911	0.3	1	88178 5733
17	91287	0.3	1	85570 5717
18	96351	0.3	1	90002 6349
19	87655	0.3	1	82550 5105
20	90327	0.3	1	85168 5159
21	88935	0.3	1	83867 5068
22	92038	0.3	1	86568 5470
23	89139	0.3	1	83785 5354
24	87888	0.3	1	82707 5181
25	87749	0.3	1	82768 4981
26	86490	0.3	1	81572 4918
27	83103	0.3	1	78642 4461
28	83700	0.3	1	78980 4720
29	81183	0.3	1	76498 4685
30	82273	0.3	1	77669 4604
31	81308	0.3	1	76607 4701
32	89417	0.3	1	84631 4786
33	84316	0.3	1	79355 4961
34	82291	0.3	1	77489 4802
35	79939	0.3	1	75423 4516
36	76090	0.3	1	71718 4372
37	74382	0.3	1	70249 4133
38	71989	0.3	1	68077 3912
39	70998	0.3	1	67029 3969
40	71109	0.3	1	67085 4024
41	73526	0.3	1	69298 4228
42	72088	0.3	1	67955 4133
43	72815	0.3	1	68748 4067
44	67084	0.3	1	63292 3792
45	88233	0.3	1	83536 4697
46	47557	0.3	1	45272 2285
47	58365	0.3	1	55457 2908
48	64104	0.3	1	60863 3241
49	62433	0.3	1	59132 3301
50	62387	0.3	1	59145 3242
51	64183	0.3	1	60839 3344
52	61632	0.3	1	58441 3191
53	59258	0.3	1	56221 3037
54	58725	0.3	1	55599 3126
55	58633	0.3	1	55383 3250
56	53991	0.3	1	51172 2819
57	55351	0.3	1	52789 2562
58	53296	0.3	1	50556 2740
59	49950	0.3	1	47523 2427
60	46748	0.3	1	44449 2299
61	44044	0.3	1	41917 2127
62	44061	0.3	1	41756 2305
63	46960	0.3	1	44597 2363
64	45072	0.3	1	42834 2238
65	40881	0.3	1	38629 2252
66	44789	0.3	1	42419 2370
67	40826	0.3	1	38683 2143
68	38708	0.3	1	36310 2398
69	39348	0.3	1	36051 3297
70	45852	0.3	1	37494 8358
71	391103	0.3	1	44192 346911
72	372078	0.3	1	275235 96843
73	90188	0.3	1	64823 25365
74	40901	0.3	1	19914 20987
75	17974	0.3	1	8806 9168
76	12724	0.3	1	6238 6486
77	9042	0.3	1	5548 3494
78	7021	0.3	1	4660 2361
79	6204	0.3	1	4125 2079
80	5934	0.3	1	4165 1769
81	5651	0.3	1	4027 1624
82	5234	0.3	1	3718 1516
83	4668	0.3	1	3424 1244
84	4248	0.3	1	3194 1054
85	3943	0.3	1	2964 979
86	3509	0.3	1	2611 898
87	3181	0.3	1	2398 783
88	3063	0.3	1	2317 746
89	2655	0.3	1	1957 698
90	2282	0.3	1	1675 607
91	2048	0.3	1	1461 587
92	1772	0.3	1	1240 532
93	1546	0.3	1	1042 504
94	1529	0.3	1	1009 520
95	1312	0.3	1	841 471
96	1206	0.3	1	808 398
97	1045	0.3	1	643 402
98	972	0.3	1	596 376
99	880	0.3	1	528 352
100	789	0.3	1	456 333
101	752	0.3	1	414 338
102	624	0.3	1	302 322
103	567	0.3	1	252 315
104	486	0.3	1	190 296
105	445	0.3	1	157 288
106	385	0.3	1	132 253
107	422	0.3	1	127 295
108	394	0.3	1	124 270
109	360	0.3	1	88 272
110	338	0.3	1	82 256
111	317	0.3	1	58 259
112	335	0.3	1	57 278
113	296	0.3	1	40 256
114	322	0.3	1	26 296
115	271	0.3	1	23 248
116	271	0.3	1	28 243
117	265	0.3	1	17 248
118	279	0.3	1	23 256
119	282	0.3	1	23 259
120	248	0.3	1	19 229
121	251	0.3	1	11 240
122	291	0.3	1	17 274
123	267	0.3	1	16 251
124	231	0.3	1	10 221
125	248	0.3	1	8 240
126	262	0.3	1	8 254
127	292	0.3	1	16 276
128	256	0.3	1	6 250
129	263	0.3	1	3 260
130	252	0.3	1	9 243
131	279	0.3	1	2 277
132	259	0.3	1	13 246
133	257	0.3	1	6 251
134	272	0.3	1	2 270
135	331	0.3	1	8 323
136	431	0.3	1	3 428
137	340	0.3	1	1 339
138	332	0.3	1	7 325
139	336	0.3	1	1 335
140	355	0.3	1	0 355
141	377	0.3	1	1 376
142	391	0.3	1	1 390
143	476	0.3	1	1 475
144	602	0.3	1	1 601
145	753	0.3	1	4 749
146	1011	0.3	1	1 1010
147	1615	0.3	1	3 1612
148	2273	0.3	1	1 2272
149	7068	0.3	1	0 7068
150	86040	0.3	1	18 86022

RUN STATISTICS FOR INPUT FILE: SNI_oxy_3_1.fastq.gz
=============================================
20677059 sequences processed in total

