
SUMMARISING RUN PARAMETERS
==========================
Input filename: SNI_Sal_3_2.fastq.gz
Trimming mode: paired-end
Trim Galore version: 0.6.7
Cutadapt version: 3.4
Python version: could not detect
Number of cores used for trimming: 8
Quality Phred score cutoff: 20
Quality encoding type selected: ASCII+33
Using Illumina adapter for trimming (count: 514464). Second best hit was Nextera (count: 8)
Adapter sequence: 'AGATCGGAAGAGC' (Illumina TruSeq, Sanger iPCR; auto-detected)
Maximum trimming error rate: 0.1 (default)
Minimum required adapter overlap (stringency): 1 bp
Minimum required sequence length for both reads before a sequence pair gets removed: 20 bp
Running FastQC on the data once trimming has completed
Running FastQC with the following extra arguments: -t 12
Output file will be GZIP compressed


This is cutadapt 3.4 with Python 3.9.6
Command line parameters: -j 8 -e 0.1 -q 20 -O 1 -a AGATCGGAAGAGC SNI_Sal_3_2.fastq.gz
Processing reads on 8 cores in single-end mode ...
Finished in 108.72 s (4 µs/read; 14.90 M reads/minute).

=== Summary ===

Total reads processed:              26,997,272
Reads with adapters:                20,560,976 (76.2%)
Reads written (passing filters):    26,997,272 (100.0%)

Total basepairs processed: 4,049,590,800 bp
Quality-trimmed:             121,838,723 bp (3.0%)
Total written (filtered):  3,102,284,343 bp (76.6%)

=== Adapter 1 ===

Sequence: AGATCGGAAGAGC; Type: regular 3'; Length: 13; Trimmed: 20560976 times

No. of allowed errors:
1-9 bp: 0; 10-13 bp: 1

Bases preceding removed adapters:
  A: 11.6%
  C: 39.7%
  G: 37.7%
  T: 11.0%
  none/other: 0.0%

Overview of removed sequences
length	count	expect	max.err	error counts
1	2444244	6749318.0	0	2444244
2	798102	1687329.5	0	798102
3	337473	421832.4	0	337473
4	165013	105458.1	0	165013
5	142259	26364.5	0	142259
6	139030	6591.1	0	139030
7	130815	1647.8	0	130815
8	122800	411.9	0	122800
9	127238	103.0	0	126809 429
10	149408	25.7	1	122857 26551
11	144208	6.4	1	119003 25205
12	150996	1.6	1	123226 27770
13	169410	0.4	1	136657 32753
14	211615	0.4	1	168946 42669
15	134153	0.4	1	110715 23438
16	175371	0.4	1	143184 32187
17	160686	0.4	1	131248 29438
18	125711	0.4	1	104319 21392
19	161781	0.4	1	132155 29626
20	146528	0.4	1	120236 26292
21	147285	0.4	1	122340 24945
22	166534	0.4	1	136516 30018
23	184379	0.4	1	150814 33565
24	216357	0.4	1	173459 42898
25	160354	0.4	1	132666 27688
26	173088	0.4	1	143313 29775
27	166517	0.4	1	138068 28449
28	196721	0.4	1	162066 34655
29	165569	0.4	1	138247 27322
30	240850	0.4	1	197687 43163
31	130079	0.4	1	110561 19518
32	193063	0.4	1	160794 32269
33	174158	0.4	1	146528 27630
34	182852	0.4	1	153548 29304
35	199125	0.4	1	167037 32088
36	192788	0.4	1	161544 31244
37	218815	0.4	1	182500 36315
38	198847	0.4	1	166701 32146
39	191200	0.4	1	161247 29953
40	193582	0.4	1	163167 30415
41	198632	0.4	1	167897 30735
42	216487	0.4	1	180575 35912
43	202875	0.4	1	170290 32585
44	217232	0.4	1	180882 36350
45	225992	0.4	1	190415 35577
46	233302	0.4	1	198252 35050
47	244979	0.4	1	207842 37137
48	230185	0.4	1	196973 33212
49	244028	0.4	1	207250 36778
50	242965	0.4	1	204584 38381
51	234551	0.4	1	198269 36282
52	245452	0.4	1	206780 38672
53	267048	0.4	1	223380 43668
54	262268	0.4	1	219225 43043
55	220057	0.4	1	186761 33296
56	268821	0.4	1	226586 42235
57	268953	0.4	1	225635 43318
58	246520	0.4	1	206358 40162
59	231757	0.4	1	194774 36983
60	263358	0.4	1	220409 42949
61	221178	0.4	1	186658 34520
62	204313	0.4	1	171872 32441
63	278647	0.4	1	236894 41753
64	145438	0.4	1	125621 19817
65	198267	0.4	1	169776 28491
66	197157	0.4	1	168591 28566
67	235295	0.4	1	200605 34690
68	214772	0.4	1	181571 33201
69	207109	0.4	1	174765 32344
70	209428	0.4	1	178682 30746
71	207314	0.4	1	177107 30207
72	217319	0.4	1	185246 32073
73	221706	0.4	1	188744 32962
74	241461	0.4	1	206305 35156
75	311910	0.4	1	259848 52062
76	1879241	0.4	1	1626558 252683
77	305863	0.4	1	260788 45075
78	68916	0.4	1	58218 10698
79	33584	0.4	1	28275 5309
80	29683	0.4	1	24863 4820
81	28920	0.4	1	24343 4577
82	26557	0.4	1	22455 4102
83	23537	0.4	1	19476 4061
84	23948	0.4	1	20080 3868
85	21850	0.4	1	18449 3401
86	22325	0.4	1	18955 3370
87	19421	0.4	1	16395 3026
88	18661	0.4	1	15933 2728
89	16924	0.4	1	14451 2473
90	14602	0.4	1	12299 2303
91	13297	0.4	1	11356 1941
92	11188	0.4	1	9516 1672
93	10774	0.4	1	9157 1617
94	9609	0.4	1	8207 1402
95	8336	0.4	1	7030 1306
96	8264	0.4	1	7037 1227
97	7230	0.4	1	6209 1021
98	5930	0.4	1	5061 869
99	5708	0.4	1	4871 837
100	4925	0.4	1	4208 717
101	4676	0.4	1	4002 674
102	3852	0.4	1	3208 644
103	3210	0.4	1	2709 501
104	2600	0.4	1	2188 412
105	2182	0.4	1	1867 315
106	2234	0.4	1	1869 365
107	1950	0.4	1	1674 276
108	1942	0.4	1	1665 277
109	1918	0.4	1	1604 314
110	1506	0.4	1	1302 204
111	1174	0.4	1	963 211
112	938	0.4	1	776 162
113	837	0.4	1	702 135
114	642	0.4	1	532 110
115	584	0.4	1	496 88
116	526	0.4	1	432 94
117	565	0.4	1	468 97
118	490	0.4	1	398 92
119	421	0.4	1	339 82
120	364	0.4	1	285 79
121	321	0.4	1	268 53
122	264	0.4	1	213 51
123	234	0.4	1	193 41
124	172	0.4	1	132 40
125	119	0.4	1	86 33
126	141	0.4	1	111 30
127	113	0.4	1	78 35
128	123	0.4	1	102 21
129	84	0.4	1	66 18
130	96	0.4	1	73 23
131	54	0.4	1	37 17
132	49	0.4	1	36 13
133	48	0.4	1	20 28
134	50	0.4	1	29 21
135	37	0.4	1	21 16
136	60	0.4	1	41 19
137	21	0.4	1	6 15
138	30	0.4	1	14 16
139	18	0.4	1	3 15
140	8	0.4	1	1 7
141	14	0.4	1	1 13
142	19	0.4	1	0 19
143	6	0.4	1	1 5
144	10	0.4	1	1 9
145	16	0.4	1	0 16
146	16	0.4	1	2 14
147	23	0.4	1	1 22
148	25	0.4	1	1 24
149	49	0.4	1	0 49
150	1072	0.4	1	0 1072

RUN STATISTICS FOR INPUT FILE: SNI_Sal_3_2.fastq.gz
=============================================
26997272 sequences processed in total

Total number of sequences analysed for the sequence pair length validation: 26997272

Number of sequence pairs removed because at least one read was shorter than the length cutoff (20 bp): 116284 (0.43%)
