
SUMMARISING RUN PARAMETERS
==========================
Input filename: SNI_oxy_2_1.fastq.gz
Trimming mode: paired-end
Trim Galore version: 0.6.7
Cutadapt version: 3.4
Python version: could not detect
Number of cores used for trimming: 8
Quality Phred score cutoff: 20
Quality encoding type selected: ASCII+33
Using Illumina adapter for trimming (count: 163250). Second best hit was Nextera (count: 13)
Adapter sequence: 'AGATCGGAAGAGC' (Illumina TruSeq, Sanger iPCR; auto-detected)
Maximum trimming error rate: 0.1 (default)
Minimum required adapter overlap (stringency): 1 bp
Minimum required sequence length for both reads before a sequence pair gets removed: 20 bp
Running FastQC on the data once trimming has completed
Running FastQC with the following extra arguments: -t 12
Output file will be GZIP compressed


This is cutadapt 3.4 with Python 3.9.6
Command line parameters: -j 8 -e 0.1 -q 20 -O 1 -a AGATCGGAAGAGC SNI_oxy_2_1.fastq.gz
Processing reads on 8 cores in single-end mode ...
Finished in 112.87 s (5 µs/read; 12.41 M reads/minute).

=== Summary ===

Total reads processed:              23,345,167
Reads with adapters:                11,862,018 (50.8%)
Reads written (passing filters):    23,345,167 (100.0%)

Total basepairs processed: 3,501,775,050 bp
Quality-trimmed:              11,184,467 bp (0.3%)
Total written (filtered):  3,310,956,328 bp (94.6%)

=== Adapter 1 ===

Sequence: AGATCGGAAGAGC; Type: regular 3'; Length: 13; Trimmed: 11862018 times

No. of allowed errors:
1-9 bp: 0; 10-13 bp: 1

Bases preceding removed adapters:
  A: 21.1%
  C: 33.5%
  G: 26.3%
  T: 19.2%
  none/other: 0.0%

Overview of removed sequences
length	count	expect	max.err	error counts
1	4489538	5836291.8	0	4489538
2	1396882	1459072.9	0	1396882
3	494868	364768.2	0	494868
4	194495	91192.1	0	194495
5	138193	22798.0	0	138193
6	122536	5699.5	0	122536
7	119604	1424.9	0	119604
8	112853	356.2	0	112853
9	112190	89.1	0	111677 513
10	118601	22.3	1	109767 8834
11	113661	5.6	1	105042 8619
12	115908	1.4	1	106657 9251
13	115684	0.3	1	106168 9516
14	115386	0.3	1	105615 9771
15	115681	0.3	1	106162 9519
16	111856	0.3	1	102314 9542
17	110141	0.3	1	100483 9658
18	110781	0.3	1	101184 9597
19	102633	0.3	1	93974 8659
20	102273	0.3	1	94101 8172
21	101487	0.3	1	93047 8440
22	103562	0.3	1	94857 8705
23	101238	0.3	1	92758 8480
24	100732	0.3	1	92428 8304
25	100748	0.3	1	92373 8375
26	99139	0.3	1	91234 7905
27	96885	0.3	1	88833 8052
28	93307	0.3	1	85793 7514
29	88583	0.3	1	81501 7082
30	87682	0.3	1	80402 7280
31	85407	0.3	1	78360 7047
32	87087	0.3	1	80282 6805
33	86272	0.3	1	78944 7328
34	85372	0.3	1	78304 7068
35	82875	0.3	1	75872 7003
36	81104	0.3	1	74244 6860
37	81080	0.3	1	74333 6747
38	74857	0.3	1	68654 6203
39	70800	0.3	1	64827 5973
40	69827	0.3	1	64015 5812
41	70884	0.3	1	64844 6040
42	68211	0.3	1	62607 5604
43	69046	0.3	1	63231 5815
44	64245	0.3	1	58949 5296
45	83399	0.3	1	76556 6843
46	45544	0.3	1	42007 3537
47	55426	0.3	1	50988 4438
48	58607	0.3	1	53941 4666
49	55315	0.3	1	50686 4629
50	53478	0.3	1	49142 4336
51	53029	0.3	1	48652 4377
52	52426	0.3	1	48088 4338
53	49436	0.3	1	45430 4006
54	48468	0.3	1	44479 3989
55	48932	0.3	1	44789 4143
56	44203	0.3	1	40652 3551
57	44125	0.3	1	40691 3434
58	42370	0.3	1	38838 3532
59	38838	0.3	1	35645 3193
60	36139	0.3	1	33157 2982
61	33919	0.3	1	31196 2723
62	32165	0.3	1	29628 2537
63	33105	0.3	1	30412 2693
64	32116	0.3	1	29663 2453
65	28630	0.3	1	26359 2271
66	31090	0.3	1	28616 2474
67	28316	0.3	1	26119 2197
68	26465	0.3	1	24325 2140
69	25201	0.3	1	23100 2101
70	25751	0.3	1	23543 2208
71	35484	0.3	1	26255 9229
72	162444	0.3	1	149573 12871
73	36603	0.3	1	33261 3342
74	11443	0.3	1	10187 1256
75	5465	0.3	1	4848 617
76	3922	0.3	1	3461 461
77	3430	0.3	1	3050 380
78	2934	0.3	1	2638 296
79	2562	0.3	1	2275 287
80	2412	0.3	1	2155 257
81	2231	0.3	1	1994 237
82	2071	0.3	1	1849 222
83	1807	0.3	1	1627 180
84	1767	0.3	1	1563 204
85	1531	0.3	1	1370 161
86	1579	0.3	1	1425 154
87	1349	0.3	1	1200 149
88	1232	0.3	1	1124 108
89	1065	0.3	1	938 127
90	965	0.3	1	861 104
91	841	0.3	1	753 88
92	656	0.3	1	574 82
93	558	0.3	1	486 72
94	541	0.3	1	457 84
95	478	0.3	1	411 67
96	405	0.3	1	336 69
97	335	0.3	1	285 50
98	340	0.3	1	289 51
99	326	0.3	1	273 53
100	284	0.3	1	254 30
101	227	0.3	1	185 42
102	177	0.3	1	158 19
103	161	0.3	1	124 37
104	138	0.3	1	113 25
105	139	0.3	1	94 45
106	103	0.3	1	78 25
107	86	0.3	1	61 25
108	99	0.3	1	70 29
109	78	0.3	1	59 19
110	87	0.3	1	52 35
111	60	0.3	1	41 19
112	58	0.3	1	28 30
113	58	0.3	1	31 27
114	46	0.3	1	19 27
115	43	0.3	1	23 20
116	26	0.3	1	8 18
117	56	0.3	1	24 32
118	36	0.3	1	13 23
119	40	0.3	1	8 32
120	30	0.3	1	12 18
121	31	0.3	1	10 21
122	40	0.3	1	12 28
123	37	0.3	1	8 29
124	48	0.3	1	7 41
125	25	0.3	1	8 17
126	21	0.3	1	10 11
127	26	0.3	1	5 21
128	18	0.3	1	3 15
129	35	0.3	1	6 29
130	34	0.3	1	11 23
131	23	0.3	1	5 18
132	38	0.3	1	7 31
133	15	0.3	1	0 15
134	24	0.3	1	4 20
135	17	0.3	1	4 13
136	19	0.3	1	3 16
137	30	0.3	1	4 26
138	30	0.3	1	2 28
139	13	0.3	1	1 12
140	19	0.3	1	2 17
141	23	0.3	1	2 21
142	26	0.3	1	1 25
143	28	0.3	1	0 28
144	29	0.3	1	1 28
145	31	0.3	1	4 27
146	31	0.3	1	0 31
147	75	0.3	1	1 74
148	67	0.3	1	2 65
149	120	0.3	1	0 120
150	1550	0.3	1	0 1550

RUN STATISTICS FOR INPUT FILE: SNI_oxy_2_1.fastq.gz
=============================================
23345167 sequences processed in total

