
SUMMARISING RUN PARAMETERS
==========================
Input filename: SNI_Sal_3_1.fastq.gz
Trimming mode: paired-end
Trim Galore version: 0.6.7
Cutadapt version: 3.4
Python version: could not detect
Number of cores used for trimming: 8
Quality Phred score cutoff: 20
Quality encoding type selected: ASCII+33
Using Illumina adapter for trimming (count: 514464). Second best hit was Nextera (count: 8)
Adapter sequence: 'AGATCGGAAGAGC' (Illumina TruSeq, Sanger iPCR; auto-detected)
Maximum trimming error rate: 0.1 (default)
Minimum required adapter overlap (stringency): 1 bp
Minimum required sequence length for both reads before a sequence pair gets removed: 20 bp
Running FastQC on the data once trimming has completed
Running FastQC with the following extra arguments: -t 12
Output file will be GZIP compressed


This is cutadapt 3.4 with Python 3.9.6
Command line parameters: -j 8 -e 0.1 -q 20 -O 1 -a AGATCGGAAGAGC SNI_Sal_3_1.fastq.gz
Processing reads on 8 cores in single-end mode ...
Finished in 97.98 s (4 µs/read; 16.53 M reads/minute).

=== Summary ===

Total reads processed:              26,997,272
Reads with adapters:                21,209,418 (78.6%)
Reads written (passing filters):    26,997,272 (100.0%)

Total basepairs processed: 4,049,590,800 bp
Quality-trimmed:              61,442,805 bp (1.5%)
Total written (filtered):  3,139,384,001 bp (77.5%)

=== Adapter 1 ===

Sequence: AGATCGGAAGAGC; Type: regular 3'; Length: 13; Trimmed: 21209418 times

No. of allowed errors:
1-9 bp: 0; 10-13 bp: 1

Bases preceding removed adapters:
  A: 12.9%
  C: 38.3%
  G: 32.5%
  T: 16.3%
  none/other: 0.0%

Overview of removed sequences
length	count	expect	max.err	error counts
1	2418970	6749318.0	0	2418970
2	773893	1687329.5	0	773893
3	334633	421832.4	0	334633
4	168525	105458.1	0	168525
5	141622	26364.5	0	141622
6	135211	6591.1	0	135211
7	138397	1647.8	0	138397
8	133738	411.9	0	133738
9	132602	103.0	0	132260 342
10	156078	25.7	1	136877 19201
11	151248	6.4	1	133617 17631
12	157721	1.6	1	137895 19826
13	160934	0.4	1	140787 20147
14	162812	0.4	1	142405 20407
15	165434	0.4	1	144603 20831
16	165726	0.4	1	144627 21099
17	170659	0.4	1	148560 22099
18	174499	0.4	1	151940 22559
19	170242	0.4	1	148965 21277
20	172220	0.4	1	150865 21355
21	175023	0.4	1	152651 22372
22	181763	0.4	1	158022 23741
23	182764	0.4	1	160632 22132
24	186667	0.4	1	162992 23675
25	187896	0.4	1	164535 23361
26	188358	0.4	1	165073 23285
27	186430	0.4	1	163284 23146
28	191708	0.4	1	167866 23842
29	186196	0.4	1	163822 22374
30	191184	0.4	1	166337 24847
31	185819	0.4	1	162821 22998
32	192232	0.4	1	168670 23562
33	195069	0.4	1	170932 24137
34	212146	0.4	1	185532 26614
35	206730	0.4	1	181006 25724
36	208666	0.4	1	182434 26232
37	216298	0.4	1	189603 26695
38	211398	0.4	1	183779 27619
39	210344	0.4	1	182488 27856
40	214020	0.4	1	186375 27645
41	223742	0.4	1	194864 28878
42	235291	0.4	1	203639 31652
43	271039	0.4	1	235533 35506
44	197432	0.4	1	172450 24982
45	308839	0.4	1	270083 38756
46	158954	0.4	1	139582 19372
47	222470	0.4	1	195541 26929
48	241288	0.4	1	211652 29636
49	248213	0.4	1	217295 30918
50	237476	0.4	1	205669 31807
51	247148	0.4	1	215510 31638
52	253308	0.4	1	221070 32238
53	241111	0.4	1	209806 31305
54	244968	0.4	1	214063 30905
55	261111	0.4	1	226337 34774
56	236801	0.4	1	206981 29820
57	256047	0.4	1	225952 30095
58	260688	0.4	1	227004 33684
59	249080	0.4	1	216621 32459
60	236145	0.4	1	204727 31418
61	225171	0.4	1	194715 30456
62	217643	0.4	1	188232 29411
63	238698	0.4	1	208032 30666
64	236117	0.4	1	206290 29827
65	221134	0.4	1	191852 29282
66	260963	0.4	1	225877 35086
67	241152	0.4	1	211165 29987
68	231030	0.4	1	200029 31001
69	229130	0.4	1	197299 31831
70	254378	0.4	1	220685 33693
71	316071	0.4	1	266067 50004
72	2249731	0.4	1	1966558 283173
73	564094	0.4	1	487596 76498
74	166077	0.4	1	143400 22677
75	70390	0.4	1	60734 9656
76	46036	0.4	1	39802 6234
77	42774	0.4	1	36967 5807
78	35972	0.4	1	31027 4945
79	32221	0.4	1	27724 4497
80	31935	0.4	1	27459 4476
81	32495	0.4	1	27881 4614
82	31078	0.4	1	26608 4470
83	28569	0.4	1	24226 4343
84	25297	0.4	1	21593 3704
85	23400	0.4	1	20188 3212
86	22819	0.4	1	19650 3169
87	20341	0.4	1	17333 3008
88	19970	0.4	1	17106 2864
89	18808	0.4	1	16230 2578
90	15973	0.4	1	13627 2346
91	14703	0.4	1	12770 1933
92	12617	0.4	1	10729 1888
93	11550	0.4	1	9796 1754
94	10479	0.4	1	8931 1548
95	9087	0.4	1	7828 1259
96	8702	0.4	1	7438 1264
97	8002	0.4	1	6854 1148
98	7102	0.4	1	6040 1062
99	6641	0.4	1	5668 973
100	5545	0.4	1	4752 793
101	4850	0.4	1	4099 751
102	4151	0.4	1	3466 685
103	3523	0.4	1	3013 510
104	2781	0.4	1	2353 428
105	2344	0.4	1	1988 356
106	2242	0.4	1	1900 342
107	1941	0.4	1	1647 294
108	1870	0.4	1	1594 276
109	1780	0.4	1	1530 250
110	1516	0.4	1	1287 229
111	1290	0.4	1	1097 193
112	1007	0.4	1	856 151
113	922	0.4	1	778 144
114	760	0.4	1	632 128
115	593	0.4	1	497 96
116	624	0.4	1	526 98
117	689	0.4	1	567 122
118	554	0.4	1	473 81
119	444	0.4	1	376 68
120	455	0.4	1	389 66
121	397	0.4	1	323 74
122	328	0.4	1	250 78
123	312	0.4	1	256 56
124	192	0.4	1	154 38
125	122	0.4	1	92 30
126	140	0.4	1	109 31
127	135	0.4	1	112 23
128	154	0.4	1	129 25
129	101	0.4	1	77 24
130	103	0.4	1	81 22
131	58	0.4	1	33 25
132	68	0.4	1	48 20
133	49	0.4	1	31 18
134	57	0.4	1	37 20
135	62	0.4	1	37 25
136	58	0.4	1	40 18
137	27	0.4	1	7 20
138	44	0.4	1	14 30
139	24	0.4	1	9 15
140	23	0.4	1	3 20
141	20	0.4	1	7 13
142	16	0.4	1	4 12
143	23	0.4	1	4 19
144	23	0.4	1	5 18
145	18	0.4	1	5 13
146	29	0.4	1	2 27
147	46	0.4	1	4 42
148	54	0.4	1	4 50
149	113	0.4	1	1 112
150	1365	0.4	1	1 1364

RUN STATISTICS FOR INPUT FILE: SNI_Sal_3_1.fastq.gz
=============================================
26997272 sequences processed in total

