
SUMMARISING RUN PARAMETERS
==========================
Input filename: SNI_oxy_4_1.fastq.gz
Trimming mode: paired-end
Trim Galore version: 0.6.7
Cutadapt version: 3.4
Python version: could not detect
Number of cores used for trimming: 8
Quality Phred score cutoff: 20
Quality encoding type selected: ASCII+33
Using Illumina adapter for trimming (count: 434374). Second best hit was Nextera (count: 14)
Adapter sequence: 'AGATCGGAAGAGC' (Illumina TruSeq, Sanger iPCR; auto-detected)
Maximum trimming error rate: 0.1 (default)
Minimum required adapter overlap (stringency): 1 bp
Minimum required sequence length for both reads before a sequence pair gets removed: 20 bp
Running FastQC on the data once trimming has completed
Running FastQC with the following extra arguments: -t 12
Output file will be GZIP compressed


This is cutadapt 3.4 with Python 3.9.6
Command line parameters: -j 8 -e 0.1 -q 20 -O 1 -a AGATCGGAAGAGC SNI_oxy_4_1.fastq.gz
Processing reads on 8 cores in single-end mode ...
Finished in 96.12 s (4 µs/read; 14.28 M reads/minute).

=== Summary ===

Total reads processed:              22,879,468
Reads with adapters:                16,093,547 (70.3%)
Reads written (passing filters):    22,879,468 (100.0%)

Total basepairs processed: 3,431,920,200 bp
Quality-trimmed:              30,354,273 bp (0.9%)
Total written (filtered):  2,872,982,392 bp (83.7%)

=== Adapter 1 ===

Sequence: AGATCGGAAGAGC; Type: regular 3'; Length: 13; Trimmed: 16093547 times

No. of allowed errors:
1-9 bp: 0; 10-13 bp: 1

Bases preceding removed adapters:
  A: 15.4%
  C: 28.4%
  G: 39.6%
  T: 16.5%
  none/other: 0.0%

Overview of removed sequences
length	count	expect	max.err	error counts
1	2774428	5719867.0	0	2774428
2	915527	1429966.8	0	915527
3	383746	357491.7	0	383746
4	174493	89372.9	0	174493
5	138856	22343.2	0	138856
6	133053	5585.8	0	133053
7	135425	1396.5	0	135425
8	130452	349.1	0	130452
9	132326	87.3	0	131789 537
10	139756	21.8	1	133507 6249
11	137486	5.5	1	131092 6394
12	140670	1.4	1	133249 7421
13	141782	0.3	1	134289 7493
14	143903	0.3	1	136039 7864
15	140873	0.3	1	133507 7366
16	141243	0.3	1	133602 7641
17	144509	0.3	1	136143 8366
18	147376	0.3	1	138950 8426
19	145198	0.3	1	137895 7303
20	146020	0.3	1	138480 7540
21	147146	0.3	1	139668 7478
22	153703	0.3	1	145313 8390
23	147304	0.3	1	139701 7603
24	149168	0.3	1	141177 7991
25	150780	0.3	1	142892 7888
26	146756	0.3	1	139634 7122
27	147613	0.3	1	140110 7503
28	148406	0.3	1	140809 7597
29	150326	0.3	1	142915 7411
30	153783	0.3	1	145640 8143
31	151163	0.3	1	143796 7367
32	161209	0.3	1	153242 7967
33	154101	0.3	1	146664 7437
34	157960	0.3	1	150118 7842
35	156135	0.3	1	148246 7889
36	156624	0.3	1	149070 7554
37	156869	0.3	1	149109 7760
38	152034	0.3	1	144666 7368
39	153019	0.3	1	145499 7520
40	157786	0.3	1	149974 7812
41	158806	0.3	1	151094 7712
42	160309	0.3	1	151996 8313
43	168325	0.3	1	159397 8928
44	157428	0.3	1	149916 7512
45	207043	0.3	1	197188 9855
46	112422	0.3	1	107397 5025
47	140268	0.3	1	134413 5855
48	153094	0.3	1	146059 7035
49	156166	0.3	1	149140 7026
50	155269	0.3	1	148271 6998
51	159896	0.3	1	152637 7259
52	159263	0.3	1	152321 6942
53	154344	0.3	1	147479 6865
54	154776	0.3	1	147773 7003
55	160103	0.3	1	152711 7392
56	150649	0.3	1	144232 6417
57	154731	0.3	1	148728 6003
58	151473	0.3	1	145142 6331
59	146463	0.3	1	140465 5998
60	139594	0.3	1	133951 5643
61	134951	0.3	1	129597 5354
62	136148	0.3	1	130709 5439
63	142629	0.3	1	136717 5912
64	140801	0.3	1	135196 5605
65	132345	0.3	1	127192 5153
66	144161	0.3	1	138033 6128
67	133964	0.3	1	128715 5249
68	128519	0.3	1	123395 5124
69	129258	0.3	1	123844 5414
70	140228	0.3	1	133781 6447
71	187093	0.3	1	164974 22119
72	1195424	0.3	1	1160320 35104
73	282520	0.3	1	271025 11495
74	85005	0.3	1	80890 4115
75	37700	0.3	1	35793 1907
76	26414	0.3	1	25070 1344
77	22855	0.3	1	21735 1120
78	19198	0.3	1	18286 912
79	18315	0.3	1	17417 898
80	17836	0.3	1	16914 922
81	17867	0.3	1	16976 891
82	16881	0.3	1	16029 852
83	15469	0.3	1	14722 747
84	14211	0.3	1	13529 682
85	13146	0.3	1	12511 635
86	13077	0.3	1	12452 625
87	11532	0.3	1	10946 586
88	11847	0.3	1	11284 563
89	10612	0.3	1	10090 522
90	8718	0.3	1	8258 460
91	8045	0.3	1	7647 398
92	6923	0.3	1	6589 334
93	5914	0.3	1	5625 289
94	5115	0.3	1	4864 251
95	4683	0.3	1	4475 208
96	4387	0.3	1	4148 239
97	3862	0.3	1	3651 211
98	3470	0.3	1	3260 210
99	3112	0.3	1	2928 184
100	2678	0.3	1	2533 145
101	2292	0.3	1	2171 121
102	1688	0.3	1	1600 88
103	1432	0.3	1	1350 82
104	1127	0.3	1	1044 83
105	930	0.3	1	846 84
106	812	0.3	1	753 59
107	726	0.3	1	670 56
108	722	0.3	1	665 57
109	613	0.3	1	565 48
110	505	0.3	1	466 39
111	397	0.3	1	362 35
112	321	0.3	1	281 40
113	287	0.3	1	248 39
114	214	0.3	1	186 28
115	197	0.3	1	163 34
116	154	0.3	1	125 29
117	188	0.3	1	164 24
118	139	0.3	1	118 21
119	127	0.3	1	103 24
120	99	0.3	1	82 17
121	104	0.3	1	73 31
122	82	0.3	1	68 14
123	77	0.3	1	53 24
124	55	0.3	1	38 17
125	45	0.3	1	32 13
126	34	0.3	1	22 12
127	33	0.3	1	17 16
128	38	0.3	1	26 12
129	41	0.3	1	15 26
130	35	0.3	1	15 20
131	25	0.3	1	9 16
132	29	0.3	1	9 20
133	25	0.3	1	9 16
134	43	0.3	1	18 25
135	55	0.3	1	14 41
136	96	0.3	1	15 81
137	39	0.3	1	2 37
138	27	0.3	1	4 23
139	14	0.3	1	1 13
140	19	0.3	1	3 16
141	21	0.3	1	2 19
142	18	0.3	1	3 15
143	24	0.3	1	0 24
144	31	0.3	1	1 30
145	43	0.3	1	6 37
146	43	0.3	1	0 43
147	61	0.3	1	1 60
148	71	0.3	1	2 69
149	225	0.3	1	0 225
150	2782	0.3	1	5 2777

RUN STATISTICS FOR INPUT FILE: SNI_oxy_4_1.fastq.gz
=============================================
22879468 sequences processed in total

