
SUMMARISING RUN PARAMETERS
==========================
Input filename: SNI_oxy_1_2.fastq.gz
Trimming mode: paired-end
Trim Galore version: 0.6.7
Cutadapt version: 3.4
Python version: could not detect
Number of cores used for trimming: 8
Quality Phred score cutoff: 20
Quality encoding type selected: ASCII+33
Using Illumina adapter for trimming (count: 376943). Second best hit was Nextera (count: 14)
Adapter sequence: 'AGATCGGAAGAGC' (Illumina TruSeq, Sanger iPCR; auto-detected)
Maximum trimming error rate: 0.1 (default)
Minimum required adapter overlap (stringency): 1 bp
Minimum required sequence length for both reads before a sequence pair gets removed: 20 bp
Running FastQC on the data once trimming has completed
Running FastQC with the following extra arguments: -t 12
Output file will be GZIP compressed


This is cutadapt 3.4 with Python 3.9.6
Command line parameters: -j 8 -e 0.1 -q 20 -O 1 -a AGATCGGAAGAGC SNI_oxy_1_2.fastq.gz
Processing reads on 8 cores in single-end mode ...
Finished in 105.40 s (5 µs/read; 13.15 M reads/minute).

=== Summary ===

Total reads processed:              23,092,623
Reads with adapters:                15,391,766 (66.7%)
Reads written (passing filters):    23,092,623 (100.0%)

Total basepairs processed: 3,463,893,450 bp
Quality-trimmed:             150,030,633 bp (4.3%)
Total written (filtered):  2,874,717,987 bp (83.0%)

=== Adapter 1 ===

Sequence: AGATCGGAAGAGC; Type: regular 3'; Length: 13; Trimmed: 15391766 times

No. of allowed errors:
1-9 bp: 0; 10-13 bp: 1

Bases preceding removed adapters:
  A: 18.7%
  C: 34.8%
  G: 35.1%
  T: 11.3%
  none/other: 0.0%

Overview of removed sequences
length	count	expect	max.err	error counts
1	3334559	5773155.8	0	3334559
2	961809	1443288.9	0	961809
3	372887	360822.2	0	372887
4	175152	90205.6	0	175152
5	153752	22551.4	0	153752
6	153714	5637.8	0	153714
7	146027	1409.5	0	146027
8	133130	352.4	0	133130
9	133523	88.1	0	132978 545
10	150654	22.0	1	131376 19278
11	141839	5.5	1	123502 18337
12	149738	1.4	1	129155 20583
13	168001	0.3	1	143506 24495
14	199410	0.3	1	169701 29709
15	134141	0.3	1	117148 16993
16	168378	0.3	1	145598 22780
17	145595	0.3	1	126758 18837
18	127206	0.3	1	111775 15431
19	147901	0.3	1	128640 19261
20	137811	0.3	1	120025 17786
21	134692	0.3	1	118368 16324
22	151977	0.3	1	132625 19352
23	165008	0.3	1	143697 21311
24	179859	0.3	1	155540 24319
25	148037	0.3	1	130554 17483
26	158889	0.3	1	139928 18961
27	152091	0.3	1	134242 17849
28	163909	0.3	1	144380 19529
29	142560	0.3	1	126454 16106
30	178568	0.3	1	157100 21468
31	124798	0.3	1	112446 12352
32	157787	0.3	1	140751 17036
33	145258	0.3	1	130645 14613
34	164087	0.3	1	146116 17971
35	149891	0.3	1	134112 15779
36	153108	0.3	1	137452 15656
37	147452	0.3	1	133190 14262
38	150485	0.3	1	135522 14963
39	141422	0.3	1	127963 13459
40	135033	0.3	1	122767 12266
41	141231	0.3	1	127884 13347
42	153790	0.3	1	138461 15329
43	135570	0.3	1	123627 11943
44	142945	0.3	1	129604 13341
45	146998	0.3	1	132880 14118
46	143039	0.3	1	130563 12476
47	146554	0.3	1	133023 13531
48	134557	0.3	1	123026 11531
49	134478	0.3	1	122581 11897
50	139715	0.3	1	127101 12614
51	128759	0.3	1	117835 10924
52	131836	0.3	1	120139 11697
53	148178	0.3	1	134717 13461
54	143256	0.3	1	130301 12955
55	117958	0.3	1	108389 9569
56	142761	0.3	1	130413 12348
57	133907	0.3	1	122546 11361
58	118654	0.3	1	108208 10446
59	110815	0.3	1	101543 9272
60	123661	0.3	1	112918 10743
61	103648	0.3	1	95406 8242
62	95350	0.3	1	87720 7630
63	129294	0.3	1	119169 10125
64	66022	0.3	1	61189 4833
65	90346	0.3	1	83785 6561
66	85895	0.3	1	79507 6388
67	95993	0.3	1	88642 7351
68	89909	0.3	1	83200 6709
69	89615	0.3	1	82840 6775
70	84845	0.3	1	78487 6358
71	85281	0.3	1	78652 6629
72	82887	0.3	1	76613 6274
73	82944	0.3	1	76620 6324
74	97428	0.3	1	88541 8887
75	182316	0.3	1	104728 77588
76	646512	0.3	1	588134 58378
77	106017	0.3	1	93416 12601
78	26580	0.3	1	22438 4142
79	13569	0.3	1	11412 2157
80	11299	0.3	1	9689 1610
81	10400	0.3	1	9023 1377
82	9180	0.3	1	8122 1058
83	8388	0.3	1	7396 992
84	8534	0.3	1	7573 961
85	8048	0.3	1	7105 943
86	7920	0.3	1	7088 832
87	6888	0.3	1	6118 770
88	6659	0.3	1	5965 694
89	5678	0.3	1	5107 571
90	5059	0.3	1	4574 485
91	4343	0.3	1	3927 416
92	3557	0.3	1	3194 363
93	3411	0.3	1	3084 327
94	2970	0.3	1	2654 316
95	2619	0.3	1	2355 264
96	2475	0.3	1	2206 269
97	2213	0.3	1	1988 225
98	1865	0.3	1	1643 222
99	1728	0.3	1	1529 199
100	1530	0.3	1	1360 170
101	1474	0.3	1	1316 158
102	1143	0.3	1	978 165
103	941	0.3	1	808 133
104	723	0.3	1	619 104
105	639	0.3	1	545 94
106	602	0.3	1	518 84
107	536	0.3	1	453 83
108	505	0.3	1	428 77
109	465	0.3	1	395 70
110	415	0.3	1	338 77
111	332	0.3	1	272 60
112	244	0.3	1	191 53
113	182	0.3	1	141 41
114	163	0.3	1	123 40
115	155	0.3	1	99 56
116	134	0.3	1	83 51
117	127	0.3	1	86 41
118	111	0.3	1	64 47
119	105	0.3	1	56 49
120	82	0.3	1	49 33
121	73	0.3	1	39 34
122	74	0.3	1	34 40
123	65	0.3	1	35 30
124	49	0.3	1	24 25
125	50	0.3	1	16 34
126	42	0.3	1	19 23
127	33	0.3	1	6 27
128	35	0.3	1	11 24
129	30	0.3	1	6 24
130	33	0.3	1	2 31
131	28	0.3	1	6 22
132	26	0.3	1	9 17
133	19	0.3	1	2 17
134	16	0.3	1	3 13
135	16	0.3	1	2 14
136	20	0.3	1	5 15
137	22	0.3	1	2 20
138	21	0.3	1	3 18
139	11	0.3	1	1 10
140	11	0.3	1	1 10
141	21	0.3	1	0 21
142	22	0.3	1	0 22
143	14	0.3	1	1 13
144	23	0.3	1	0 23
145	34	0.3	1	1 33
146	47	0.3	1	0 47
147	83	0.3	1	1 82
148	90	0.3	1	0 90
149	526	0.3	1	0 526
150	13139	0.3	1	4 13135

RUN STATISTICS FOR INPUT FILE: SNI_oxy_1_2.fastq.gz
=============================================
23092623 sequences processed in total

Total number of sequences analysed for the sequence pair length validation: 23092623

Number of sequence pairs removed because at least one read was shorter than the length cutoff (20 bp): 219792 (0.95%)
