
SUMMARISING RUN PARAMETERS
==========================
Input filename: SNI_Sal_1_1.fastq.gz
Trimming mode: paired-end
Trim Galore version: 0.6.7
Cutadapt version: 3.4
Python version: could not detect
Number of cores used for trimming: 8
Quality Phred score cutoff: 20
Quality encoding type selected: ASCII+33
Using Illumina adapter for trimming (count: 325757). Second best hit was Nextera (count: 17)
Adapter sequence: 'AGATCGGAAGAGC' (Illumina TruSeq, Sanger iPCR; auto-detected)
Maximum trimming error rate: 0.1 (default)
Minimum required adapter overlap (stringency): 1 bp
Minimum required sequence length for both reads before a sequence pair gets removed: 20 bp
Running FastQC on the data once trimming has completed
Running FastQC with the following extra arguments: -t 12
Output file will be GZIP compressed


This is cutadapt 3.4 with Python 3.9.6
Command line parameters: -j 8 -e 0.1 -q 20 -O 1 -a AGATCGGAAGAGC SNI_Sal_1_1.fastq.gz
Processing reads on 8 cores in single-end mode ...
Finished in 116.92 s (5 µs/read; 11.84 M reads/minute).

=== Summary ===

Total reads processed:              23,075,215
Reads with adapters:                14,847,288 (64.3%)
Reads written (passing filters):    23,075,215 (100.0%)

Total basepairs processed: 3,461,282,250 bp
Quality-trimmed:              14,922,229 bp (0.4%)
Total written (filtered):  3,125,402,932 bp (90.3%)

=== Adapter 1 ===

Sequence: AGATCGGAAGAGC; Type: regular 3'; Length: 13; Trimmed: 14847288 times

No. of allowed errors:
1-9 bp: 0; 10-13 bp: 1

Bases preceding removed adapters:
  A: 15.9%
  C: 34.0%
  G: 29.5%
  T: 20.5%
  none/other: 0.0%

Overview of removed sequences
length	count	expect	max.err	error counts
1	3164936	5768803.8	0	3164936
2	1046380	1442200.9	0	1046380
3	448872	360550.2	0	448872
4	223194	90137.6	0	223194
5	182081	22534.4	0	182081
6	176097	5633.6	0	176097
7	178644	1408.4	0	178644
8	171416	352.1	0	171416
9	171820	88.0	0	171465 355
10	192858	22.0	1	175410 17448
11	187957	5.5	1	171451 16506
12	193152	1.4	1	174800 18352
13	197571	0.3	1	178971 18600
14	198212	0.3	1	179391 18821
15	200061	0.3	1	181051 19010
16	198420	0.3	1	179347 19073
17	200763	0.3	1	180990 19773
18	207871	0.3	1	188070 19801
19	196212	0.3	1	177532 18680
20	198887	0.3	1	180729 18158
21	200584	0.3	1	182355 18229
22	212329	0.3	1	192446 19883
23	206609	0.3	1	188305 18304
24	210098	0.3	1	190620 19478
25	209932	0.3	1	191053 18879
26	206713	0.3	1	188476 18237
27	202376	0.3	1	184149 18227
28	207360	0.3	1	189131 18229
29	199680	0.3	1	181691 17989
30	201862	0.3	1	183017 18845
31	203417	0.3	1	185245 18172
32	219061	0.3	1	201601 17460
33	212769	0.3	1	190821 21948
34	207510	0.3	1	188172 19338
35	197499	0.3	1	179538 17961
36	189820	0.3	1	173110 16710
37	184345	0.3	1	168093 16252
38	176386	0.3	1	160850 15536
39	174736	0.3	1	159175 15561
40	170889	0.3	1	155754 15135
41	168237	0.3	1	153488 14749
42	167974	0.3	1	152691 15283
43	162845	0.3	1	148866 13979
44	150244	0.3	1	137624 12620
45	190728	0.3	1	174528 16200
46	106294	0.3	1	97943 8351
47	126356	0.3	1	116051 10305
48	129077	0.3	1	118280 10797
49	124138	0.3	1	113945 10193
50	116892	0.3	1	107103 9789
51	115073	0.3	1	105710 9363
52	107249	0.3	1	98535 8714
53	102114	0.3	1	93828 8286
54	96743	0.3	1	88744 7999
55	95089	0.3	1	86945 8144
56	84269	0.3	1	77534 6735
57	80055	0.3	1	73886 6169
58	74760	0.3	1	68676 6084
59	65434	0.3	1	60081 5353
60	58841	0.3	1	54023 4818
61	52738	0.3	1	48568 4170
62	49482	0.3	1	45525 3957
63	49150	0.3	1	45304 3846
64	45003	0.3	1	41556 3447
65	38949	0.3	1	35899 3050
66	39603	0.3	1	36469 3134
67	33278	0.3	1	30822 2456
68	29857	0.3	1	27658 2199
69	27515	0.3	1	25245 2270
70	26033	0.3	1	24041 1992
71	31379	0.3	1	24139 7240
72	112672	0.3	1	103606 9066
73	23700	0.3	1	21584 2116
74	7767	0.3	1	6904 863
75	3963	0.3	1	3490 473
76	2877	0.3	1	2536 341
77	2441	0.3	1	2189 252
78	2031	0.3	1	1810 221
79	1795	0.3	1	1591 204
80	1620	0.3	1	1462 158
81	1366	0.3	1	1218 148
82	1319	0.3	1	1186 133
83	1141	0.3	1	1015 126
84	930	0.3	1	837 93
85	825	0.3	1	743 82
86	766	0.3	1	667 99
87	619	0.3	1	559 60
88	550	0.3	1	498 52
89	473	0.3	1	425 48
90	450	0.3	1	390 60
91	380	0.3	1	331 49
92	327	0.3	1	282 45
93	266	0.3	1	230 36
94	288	0.3	1	232 56
95	222	0.3	1	179 43
96	200	0.3	1	164 36
97	180	0.3	1	140 40
98	161	0.3	1	137 24
99	138	0.3	1	112 26
100	124	0.3	1	104 20
101	132	0.3	1	104 28
102	94	0.3	1	76 18
103	83	0.3	1	66 17
104	65	0.3	1	57 8
105	59	0.3	1	35 24
106	68	0.3	1	40 28
107	63	0.3	1	40 23
108	42	0.3	1	34 8
109	53	0.3	1	38 15
110	64	0.3	1	26 38
111	45	0.3	1	22 23
112	26	0.3	1	18 8
113	29	0.3	1	14 15
114	52	0.3	1	19 33
115	29	0.3	1	17 12
116	23	0.3	1	11 12
117	27	0.3	1	11 16
118	12	0.3	1	8 4
119	20	0.3	1	9 11
120	25	0.3	1	2 23
121	14	0.3	1	5 9
122	31	0.3	1	10 21
123	37	0.3	1	6 31
124	28	0.3	1	9 19
125	25	0.3	1	10 15
126	17	0.3	1	4 13
127	23	0.3	1	2 21
128	25	0.3	1	6 19
129	31	0.3	1	1 30
130	29	0.3	1	2 27
131	26	0.3	1	3 23
132	13	0.3	1	5 8
133	5	0.3	1	2 3
134	6	0.3	1	0 6
135	13	0.3	1	1 12
136	11	0.3	1	1 10
137	13	0.3	1	1 12
138	35	0.3	1	0 35
139	4	0.3	1	0 4
140	13	0.3	1	1 12
141	8	0.3	1	1 7
142	13	0.3	1	0 13
143	12	0.3	1	2 10
144	17	0.3	1	0 17
145	29	0.3	1	1 28
146	31	0.3	1	0 31
147	37	0.3	1	4 33
148	65	0.3	1	0 65
149	93	0.3	1	0 93
150	1204	0.3	1	0 1204

RUN STATISTICS FOR INPUT FILE: SNI_Sal_1_1.fastq.gz
=============================================
23075215 sequences processed in total

