
SUMMARISING RUN PARAMETERS
==========================
Input filename: SNI_Sal_1_2.fastq.gz
Trimming mode: paired-end
Trim Galore version: 0.6.7
Cutadapt version: 3.4
Python version: could not detect
Number of cores used for trimming: 8
Quality Phred score cutoff: 20
Quality encoding type selected: ASCII+33
Using Illumina adapter for trimming (count: 325757). Second best hit was Nextera (count: 17)
Adapter sequence: 'AGATCGGAAGAGC' (Illumina TruSeq, Sanger iPCR; auto-detected)
Maximum trimming error rate: 0.1 (default)
Minimum required adapter overlap (stringency): 1 bp
Minimum required sequence length for both reads before a sequence pair gets removed: 20 bp
Running FastQC on the data once trimming has completed
Running FastQC with the following extra arguments: -t 12
Output file will be GZIP compressed


This is cutadapt 3.4 with Python 3.9.6
Command line parameters: -j 8 -e 0.1 -q 20 -O 1 -a AGATCGGAAGAGC SNI_Sal_1_2.fastq.gz
Processing reads on 8 cores in single-end mode ...
Finished in 113.87 s (5 µs/read; 12.16 M reads/minute).

=== Summary ===

Total reads processed:              23,075,215
Reads with adapters:                14,628,967 (63.4%)
Reads written (passing filters):    23,075,215 (100.0%)

Total basepairs processed: 3,461,282,250 bp
Quality-trimmed:              81,736,075 bp (2.4%)
Total written (filtered):  3,067,637,032 bp (88.6%)

=== Adapter 1 ===

Sequence: AGATCGGAAGAGC; Type: regular 3'; Length: 13; Trimmed: 14628967 times

No. of allowed errors:
1-9 bp: 0; 10-13 bp: 1

Bases preceding removed adapters:
  A: 15.0%
  C: 36.2%
  G: 36.2%
  T: 12.7%
  none/other: 0.0%

Overview of removed sequences
length	count	expect	max.err	error counts
1	3231151	5768803.8	0	3231151
2	1087430	1442200.9	0	1087430
3	453188	360550.2	0	453188
4	216111	90137.6	0	216111
5	177489	22534.4	0	177489
6	178073	5633.6	0	178073
7	167586	1408.4	0	167586
8	160335	352.1	0	160335
9	166735	88.0	0	165979 756
10	184862	22.0	1	160282 24580
11	180957	5.5	1	157353 23604
12	187460	1.4	1	161497 25963
13	203078	0.3	1	174071 29007
14	238657	0.3	1	203533 35124
15	169227	0.3	1	147338 21889
16	205348	0.3	1	177380 27968
17	190770	0.3	1	165962 24808
18	160062	0.3	1	139823 20239
19	192831	0.3	1	167254 25577
20	177522	0.3	1	154070 23452
21	180167	0.3	1	157390 22777
22	197585	0.3	1	171340 26245
23	211705	0.3	1	183779 27926
24	230785	0.3	1	198458 32327
25	187353	0.3	1	163812 23541
26	196686	0.3	1	172227 24459
27	188730	0.3	1	165057 23673
28	212629	0.3	1	185824 26805
29	185307	0.3	1	163693 21614
30	244629	0.3	1	213557 31072
31	154259	0.3	1	137678 16581
32	223417	0.3	1	198307 25110
33	191745	0.3	1	167626 24119
34	189476	0.3	1	166411 23065
35	193140	0.3	1	170598 22542
36	179487	0.3	1	158974 20513
37	184700	0.3	1	163339 21361
38	170428	0.3	1	151872 18556
39	164091	0.3	1	146431 17660
40	160242	0.3	1	143290 16952
41	158898	0.3	1	141995 16903
42	158729	0.3	1	141224 17505
43	150326	0.3	1	134217 16109
44	148542	0.3	1	132151 16391
45	146922	0.3	1	131325 15597
46	143222	0.3	1	127995 15227
47	136188	0.3	1	121987 14201
48	126364	0.3	1	113431 12933
49	123779	0.3	1	110752 13027
50	116821	0.3	1	104757 12064
51	111474	0.3	1	99751 11723
52	103880	0.3	1	93075 10805
53	108324	0.3	1	96761 11563
54	98014	0.3	1	87699 10315
55	85002	0.3	1	76528 8474
56	90626	0.3	1	81463 9163
57	80283	0.3	1	71669 8614
58	71844	0.3	1	64362 7482
59	61564	0.3	1	55345 6219
60	63952	0.3	1	57378 6574
61	51063	0.3	1	46056 5007
62	45275	0.3	1	40913 4362
63	53785	0.3	1	48568 5217
64	31348	0.3	1	28365 2983
65	36993	0.3	1	33462 3531
66	33454	0.3	1	30106 3348
67	32731	0.3	1	29534 3197
68	29016	0.3	1	26239 2777
69	26095	0.3	1	23509 2586
70	23229	0.3	1	20876 2353
71	20897	0.3	1	18951 1946
72	19704	0.3	1	17712 1992
73	17913	0.3	1	16143 1770
74	16764	0.3	1	15085 1679
75	22655	0.3	1	15549 7106
76	77542	0.3	1	69537 8005
77	11225	0.3	1	9736 1489
78	2994	0.3	1	2539 455
79	1600	0.3	1	1354 246
80	1439	0.3	1	1212 227
81	1245	0.3	1	1068 177
82	1145	0.3	1	978 167
83	951	0.3	1	800 151
84	878	0.3	1	759 119
85	803	0.3	1	681 122
86	748	0.3	1	651 97
87	633	0.3	1	544 89
88	566	0.3	1	468 98
89	485	0.3	1	390 95
90	446	0.3	1	389 57
91	384	0.3	1	306 78
92	318	0.3	1	258 60
93	288	0.3	1	226 62
94	278	0.3	1	215 63
95	228	0.3	1	182 46
96	204	0.3	1	137 67
97	184	0.3	1	147 37
98	134	0.3	1	102 32
99	139	0.3	1	98 41
100	141	0.3	1	97 44
101	132	0.3	1	103 29
102	91	0.3	1	62 29
103	102	0.3	1	66 36
104	95	0.3	1	61 34
105	76	0.3	1	50 26
106	68	0.3	1	50 18
107	69	0.3	1	47 22
108	59	0.3	1	29 30
109	54	0.3	1	30 24
110	63	0.3	1	28 35
111	62	0.3	1	33 29
112	41	0.3	1	24 17
113	38	0.3	1	22 16
114	49	0.3	1	20 29
115	35	0.3	1	12 23
116	37	0.3	1	14 23
117	39	0.3	1	5 34
118	33	0.3	1	7 26
119	24	0.3	1	11 13
120	27	0.3	1	10 17
121	18	0.3	1	9 9
122	26	0.3	1	7 19
123	28	0.3	1	7 21
124	41	0.3	1	16 25
125	36	0.3	1	9 27
126	34	0.3	1	9 25
127	32	0.3	1	6 26
128	32	0.3	1	1 31
129	38	0.3	1	6 32
130	22	0.3	1	3 19
131	38	0.3	1	8 30
132	25	0.3	1	8 17
133	14	0.3	1	3 11
134	13	0.3	1	0 13
135	16	0.3	1	4 12
136	20	0.3	1	1 19
137	13	0.3	1	3 10
138	13	0.3	1	1 12
139	8	0.3	1	0 8
140	10	0.3	1	0 10
141	41	0.3	1	1 40
142	6	0.3	1	1 5
143	8	0.3	1	0 8
144	9	0.3	1	0 9
145	14	0.3	1	1 13
146	9	0.3	1	1 8
147	30	0.3	1	0 30
148	27	0.3	1	4 23
149	48	0.3	1	0 48
150	997	0.3	1	0 997

RUN STATISTICS FOR INPUT FILE: SNI_Sal_1_2.fastq.gz
=============================================
23075215 sequences processed in total

Total number of sequences analysed for the sequence pair length validation: 23075215

Number of sequence pairs removed because at least one read was shorter than the length cutoff (20 bp): 156546 (0.68%)
