
SUMMARISING RUN PARAMETERS
==========================
Input filename: SNI_Sal_4_2.fastq.gz
Trimming mode: paired-end
Trim Galore version: 0.6.7
Cutadapt version: 3.4
Python version: could not detect
Number of cores used for trimming: 8
Quality Phred score cutoff: 20
Quality encoding type selected: ASCII+33
Using Illumina adapter for trimming (count: 293107). Second best hit was Nextera (count: 3)
Adapter sequence: 'AGATCGGAAGAGC' (Illumina TruSeq, Sanger iPCR; auto-detected)
Maximum trimming error rate: 0.1 (default)
Minimum required adapter overlap (stringency): 1 bp
Minimum required sequence length for both reads before a sequence pair gets removed: 20 bp
Running FastQC on the data once trimming has completed
Running FastQC with the following extra arguments: -t 12
Output file will be GZIP compressed


This is cutadapt 3.4 with Python 3.9.6
Command line parameters: -j 8 -e 0.1 -q 20 -O 1 -a AGATCGGAAGAGC SNI_Sal_4_2.fastq.gz
Processing reads on 8 cores in single-end mode ...
Finished in 95.11 s (4 µs/read; 16.63 M reads/minute).

=== Summary ===

Total reads processed:              26,361,668
Reads with adapters:                13,966,441 (53.0%)
Reads written (passing filters):    26,361,668 (100.0%)

Total basepairs processed: 3,954,250,200 bp
Quality-trimmed:             101,721,965 bp (2.6%)
Total written (filtered):  3,441,425,452 bp (87.0%)

=== Adapter 1 ===

Sequence: AGATCGGAAGAGC; Type: regular 3'; Length: 13; Trimmed: 13966441 times

No. of allowed errors:
1-9 bp: 0; 10-13 bp: 1

Bases preceding removed adapters:
  A: 16.0%
  C: 28.3%
  G: 45.2%
  T: 10.5%
  none/other: 0.0%

Overview of removed sequences
length	count	expect	max.err	error counts
1	3015499	6590417.0	0	3015499
2	1107378	1647604.2	0	1107378
3	383342	411901.1	0	383342
4	160820	102975.3	0	160820
5	123898	25743.8	0	123898
6	132174	6436.0	0	132174
7	124912	1609.0	0	124912
8	114012	402.2	0	114012
9	119735	100.6	0	119437 298
10	124054	25.1	1	114075 9979
11	116335	6.3	1	107387 8948
12	120698	1.6	1	109840 10858
13	125511	0.4	1	113383 12128
14	161556	0.4	1	145334 16222
15	109924	0.4	1	101343 8581
16	135731	0.4	1	124076 11655
17	129870	0.4	1	119084 10786
18	92162	0.4	1	85211 6951
19	126119	0.4	1	115602 10517
20	109123	0.4	1	100371 8752
21	119965	0.4	1	111216 8749
22	114390	0.4	1	104853 9537
23	130628	0.4	1	120428 10200
24	135751	0.4	1	123553 12198
25	102564	0.4	1	94891 7673
26	117978	0.4	1	109636 8342
27	110391	0.4	1	102788 7603
28	127549	0.4	1	118051 9498
29	116107	0.4	1	108422 7685
30	160248	0.4	1	148012 12236
31	91528	0.4	1	86325 5203
32	133478	0.4	1	124626 8852
33	122329	0.4	1	115004 7325
34	116628	0.4	1	109527 7101
35	113092	0.4	1	106266 6826
36	106718	0.4	1	100605 6113
37	129635	0.4	1	122015 7620
38	109543	0.4	1	103518 6025
39	113030	0.4	1	107351 5679
40	118386	0.4	1	112061 6325
41	117111	0.4	1	110943 6168
42	115859	0.4	1	109511 6348
43	107160	0.4	1	101884 5276
44	112646	0.4	1	106769 5877
45	120643	0.4	1	114135 6508
46	118343	0.4	1	112349 5994
47	112801	0.4	1	106801 6000
48	107999	0.4	1	102624 5375
49	114146	0.4	1	108058 6088
50	116198	0.4	1	110185 6013
51	115184	0.4	1	109402 5782
52	113206	0.4	1	107371 5835
53	124521	0.4	1	117895 6626
54	126159	0.4	1	119878 6281
55	116482	0.4	1	111049 5433
56	122599	0.4	1	116352 6247
57	111932	0.4	1	106321 5611
58	113423	0.4	1	107808 5615
59	116109	0.4	1	110775 5334
60	118215	0.4	1	111895 6320
61	104185	0.4	1	99135 5050
62	98991	0.4	1	94368 4623
63	124009	0.4	1	118300 5709
64	74729	0.4	1	71594 3135
65	101397	0.4	1	97363 4034
66	97172	0.4	1	93061 4111
67	94572	0.4	1	90199 4373
68	92049	0.4	1	87923 4126
69	94171	0.4	1	90083 4088
70	91543	0.4	1	87536 4007
71	93738	0.4	1	89785 3953
72	102431	0.4	1	98325 4106
73	98445	0.4	1	94105 4340
74	101045	0.4	1	96494 4551
75	133181	0.4	1	115730 17451
76	808125	0.4	1	778510 29615
77	122693	0.4	1	116881 5812
78	27450	0.4	1	25885 1565
79	13922	0.4	1	13076 846
80	11760	0.4	1	11055 705
81	11499	0.4	1	10869 630
82	10749	0.4	1	10194 555
83	9671	0.4	1	9133 538
84	9867	0.4	1	9368 499
85	9184	0.4	1	8735 449
86	10117	0.4	1	9650 467
87	9551	0.4	1	9054 497
88	8219	0.4	1	7733 486
89	7093	0.4	1	6732 361
90	6878	0.4	1	6555 323
91	5892	0.4	1	5584 308
92	4788	0.4	1	4549 239
93	4104	0.4	1	3921 183
94	3532	0.4	1	3347 185
95	3002	0.4	1	2847 155
96	3014	0.4	1	2879 135
97	2521	0.4	1	2396 125
98	2240	0.4	1	2133 107
99	1890	0.4	1	1790 100
100	1726	0.4	1	1641 85
101	1590	0.4	1	1514 76
102	1251	0.4	1	1184 67
103	926	0.4	1	869 57
104	679	0.4	1	642 37
105	665	0.4	1	629 36
106	612	0.4	1	574 38
107	550	0.4	1	516 34
108	551	0.4	1	518 33
109	460	0.4	1	431 29
110	352	0.4	1	334 18
111	281	0.4	1	262 19
112	231	0.4	1	214 17
113	192	0.4	1	172 20
114	146	0.4	1	132 14
115	130	0.4	1	109 21
116	113	0.4	1	90 23
117	101	0.4	1	84 17
118	85	0.4	1	64 21
119	80	0.4	1	69 11
120	73	0.4	1	52 21
121	56	0.4	1	46 10
122	53	0.4	1	39 14
123	48	0.4	1	38 10
124	27	0.4	1	16 11
125	30	0.4	1	21 9
126	34	0.4	1	17 17
127	39	0.4	1	21 18
128	18	0.4	1	7 11
129	27	0.4	1	20 7
130	28	0.4	1	17 11
131	23	0.4	1	16 7
132	33	0.4	1	27 6
133	19	0.4	1	12 7
134	16	0.4	1	9 7
135	15	0.4	1	12 3
136	19	0.4	1	13 6
137	14	0.4	1	7 7
138	14	0.4	1	6 8
139	5	0.4	1	3 2
140	4	0.4	1	1 3
141	8	0.4	1	3 5
142	4	0.4	1	0 4
143	5	0.4	1	1 4
144	2	0.4	1	0 2
145	20	0.4	1	3 17
146	7	0.4	1	1 6
147	20	0.4	1	0 20
148	18	0.4	1	0 18
149	80	0.4	1	0 80
150	2015	0.4	1	4 2011

RUN STATISTICS FOR INPUT FILE: SNI_Sal_4_2.fastq.gz
=============================================
26361668 sequences processed in total

Total number of sequences analysed for the sequence pair length validation: 26361668

Number of sequence pairs removed because at least one read was shorter than the length cutoff (20 bp): 104754 (0.40%)
