	15.0	16.0	17.0	18.0	19.0	20.0	21.0	22.0	23.0	24.0	25.0	26.0	27.0	28.0	29.0	30.0	31.0	32.0	33.0	34.0	35.0	36.0	37.0	38.0	39.0	40.0
SNI_Sal_1_1	2.0	9.0	52.0	156.0	450.0	1079.0	2148.0	4350.0	8481.0	14702.0	26746.0	41899.0	57431.0	80571.0	111063.0	148717.0	195380.0	254840.0	331983.0	429796.0	569894.0	781859.0	1142418.0	1874706.0	4011700.0	12828237.0
	11.0	12.0	13.0	14.0	15.0	16.0	17.0	18.0	19.0	20.0	21.0	22.0	23.0	24.0	25.0	26.0	27.0	28.0	29.0	30.0	31.0	32.0	33.0	34.0	35.0	36.0	37.0	38.0	39.0	40.0
SNI_Sal_1_2	1.0	68.0	808.0	4505.0	10678.0	17175.0	23018.0	28560.0	36092.0	61679.0	94863.0	124671.0	152379.0	181765.0	214050.0	249261.0	285309.0	329132.0	381044.0	442186.0	516322.0	609262.0	725497.0	878881.0	1091065.0	1397123.0	1875352.0	2701997.0	4356309.0	6129617.0
	15.0	16.0	17.0	18.0	19.0	20.0	21.0	22.0	23.0	24.0	25.0	26.0	27.0	28.0	29.0	30.0	31.0	32.0	33.0	34.0	35.0	36.0	37.0	38.0	39.0	40.0
SNI_Sal_2_1	6.0	33.0	87.0	205.0	500.0	1249.0	2827.0	5874.0	11748.0	22752.0	64755.0	87421.0	73064.0	94881.0	128172.0	170801.0	223104.0	289260.0	374170.0	487702.0	645680.0	887255.0	1294061.0	2124303.0	4550301.0	12782402.0
	11.0	12.0	13.0	14.0	15.0	16.0	17.0	18.0	19.0	20.0	21.0	22.0	23.0	24.0	25.0	26.0	27.0	28.0	29.0	30.0	31.0	32.0	33.0	34.0	35.0	36.0	37.0	38.0	39.0	40.0
SNI_Sal_2_2	3.0	78.0	886.0	5185.0	13501.0	25212.0	36886.0	47741.0	60982.0	105262.0	170790.0	229704.0	285218.0	341316.0	410279.0	469870.0	491619.0	549441.0	613114.0	684609.0	765947.0	863822.0	978822.0	1129453.0	1320038.0	1585222.0	1970242.0	2594825.0	3837119.0	4735427.0
	14.0	15.0	16.0	17.0	18.0	19.0	20.0	21.0	22.0	23.0	24.0	25.0	26.0	27.0	28.0	29.0	30.0	31.0	32.0	33.0	34.0	35.0	36.0	37.0	38.0	39.0	40.0
SNI_Sal_3_1	1.0	8.0	38.0	114.0	352.0	748.0	1608.0	3331.0	6567.0	11742.0	19729.0	36958.0	52373.0	66776.0	90419.0	123066.0	163536.0	215360.0	279821.0	360406.0	468208.0	617583.0	841722.0	1220071.0	2007239.0	4443128.0	15850084.0
	12.0	13.0	14.0	15.0	16.0	17.0	18.0	19.0	20.0	21.0	22.0	23.0	24.0	25.0	26.0	27.0	28.0	29.0	30.0	31.0	32.0	33.0	34.0	35.0	36.0	37.0	38.0	39.0	40.0
SNI_Sal_3_2	23.0	313.0	2172.0	6884.0	13966.0	20964.0	27397.0	35122.0	60015.0	94947.0	127700.0	163563.0	201776.0	243985.0	287713.0	331626.0	384855.0	448882.0	525262.0	617240.0	727512.0	872851.0	1067984.0	1333558.0	1722289.0	2332454.0	3374042.0	5474468.0	6381425.0
	16.0	17.0	18.0	19.0	20.0	21.0	22.0	23.0	24.0	25.0	26.0	27.0	28.0	29.0	30.0	31.0	32.0	33.0	34.0	35.0	36.0	37.0	38.0	39.0	40.0
SNI_Sal_4_1	14.0	62.0	145.0	386.0	930.0	2417.0	5315.0	10600.0	19124.0	33087.0	52305.0	75009.0	107342.0	146676.0	196994.0	256009.0	327654.0	418680.0	536922.0	703963.0	953640.0	1379489.0	2234399.0	4700657.0	14095095.0
	12.0	13.0	14.0	15.0	16.0	17.0	18.0	19.0	20.0	21.0	22.0	23.0	24.0	25.0	26.0	27.0	28.0	29.0	30.0	31.0	32.0	33.0	34.0	35.0	36.0	37.0	38.0	39.0	40.0
SNI_Sal_4_2	17.0	247.0	1475.0	4855.0	10509.0	18287.0	27720.0	40247.0	71162.0	118094.0	169381.0	221213.0	275534.0	330390.0	389848.0	452780.0	520126.0	593383.0	680236.0	777036.0	893123.0	1035162.0	1215631.0	1443522.0	1757092.0	2200171.0	2921641.0	4346633.0	5741399.0
	15.0	16.0	17.0	18.0	19.0	20.0	21.0	22.0	23.0	24.0	25.0	26.0	27.0	28.0	29.0	30.0	31.0	32.0	33.0	34.0	35.0	36.0	37.0	38.0	39.0	40.0
SNI_oxy_1_1	17.0	39.0	171.0	352.0	819.0	1705.0	3299.0	6593.0	12405.0	22237.0	60553.0	80548.0	67803.0	85061.0	111406.0	146409.0	190416.0	245750.0	319437.0	416465.0	552777.0	758575.0	1111328.0	1833895.0	3986621.0	12858150.0
	12.0	13.0	14.0	15.0	16.0	17.0	18.0	19.0	20.0	21.0	22.0	23.0	24.0	25.0	26.0	27.0	28.0	29.0	30.0	31.0	32.0	33.0	34.0	35.0	36.0	37.0	38.0	39.0	40.0
SNI_oxy_1_2	21.0	340.0	2142.0	6340.0	12550.0	19583.0	27761.0	38674.0	66581.0	106816.0	148534.0	192141.0	238684.0	298199.0	347262.0	365864.0	417520.0	475424.0	544029.0	627401.0	724185.0	847862.0	1004733.0	1211819.0	1500916.0	1932345.0	2643581.0	4029229.0	5042295.0
	15.0	16.0	17.0	18.0	19.0	20.0	21.0	22.0	23.0	24.0	25.0	26.0	27.0	28.0	29.0	30.0	31.0	32.0	33.0	34.0	35.0	36.0	37.0	38.0	39.0	40.0
SNI_oxy_2_1	2.0	19.0	62.0	190.0	392.0	966.0	2129.0	4442.0	8282.0	14555.0	25153.0	39287.0	58556.0	84101.0	116449.0	157867.0	209027.0	273626.0	357455.0	466565.0	620526.0	853442.0	1248988.0	2044053.0	4252409.0	12338313.0
	12.0	13.0	14.0	15.0	16.0	17.0	18.0	19.0	20.0	21.0	22.0	23.0	24.0	25.0	26.0	27.0	28.0	29.0	30.0	31.0	32.0	33.0	34.0	35.0	36.0	37.0	38.0	39.0	40.0
SNI_oxy_2_2	51.0	622.0	3712.0	10455.0	19880.0	31751.0	44170.0	61315.0	104188.0	165914.0	226184.0	286474.0	341889.0	400537.0	460242.0	518263.0	583367.0	656870.0	738868.0	834855.0	947895.0	1085052.0	1258886.0	1475302.0	1763219.0	2141127.0	2647698.0	3344269.0	3023801.0
	15.0	16.0	17.0	18.0	19.0	20.0	21.0	22.0	23.0	24.0	25.0	26.0	27.0	28.0	29.0	30.0	31.0	32.0	33.0	34.0	35.0	36.0	37.0	38.0	39.0	40.0
SNI_oxy_3_1	6.0	41.0	136.0	280.0	631.0	1261.0	2504.0	5019.0	9207.0	15541.0	31691.0	45615.0	54410.0	75587.0	102790.0	137343.0	179219.0	233687.0	302828.0	394836.0	523374.0	715931.0	1046448.0	1713224.0	3601065.0	10746258.0
	11.0	12.0	13.0	14.0	15.0	16.0	17.0	18.0	19.0	20.0	21.0	22.0	23.0	24.0	25.0	26.0	27.0	28.0	29.0	30.0	31.0	32.0	33.0	34.0	35.0	36.0	37.0	38.0	39.0	40.0
SNI_oxy_3_2	2.0	40.0	502.0	2751.0	6659.0	11657.0	17228.0	23560.0	32722.0	57336.0	90800.0	126709.0	163486.0	200911.0	244132.0	288016.0	323933.0	373225.0	430924.0	497423.0	575348.0	670011.0	788737.0	937350.0	1135255.0	1405784.0	1800986.0	2403731.0	3417688.0	3912026.0
	14.0	15.0	16.0	17.0	18.0	19.0	20.0	21.0	22.0	23.0	24.0	25.0	26.0	27.0	28.0	29.0	30.0	31.0	32.0	33.0	34.0	35.0	36.0	37.0	38.0	39.0	40.0
SNI_oxy_4_1	1.0	15.0	45.0	177.0	430.0	911.0	1760.0	3118.0	5610.0	9705.0	15817.0	26053.0	38802.0	53034.0	73979.0	100611.0	134768.0	177000.0	230845.0	299306.0	391089.0	517892.0	711401.0	1040347.0	1710406.0	3726216.0	13504171.0
	12.0	13.0	14.0	15.0	16.0	17.0	18.0	19.0	20.0	21.0	22.0	23.0	24.0	25.0	26.0	27.0	28.0	29.0	30.0	31.0	32.0	33.0	34.0	35.0	36.0	37.0	38.0	39.0	40.0
SNI_oxy_4_2	22.0	401.0	2191.0	5674.0	10783.0	17677.0	25674.0	36746.0	63365.0	100888.0	141145.0	183398.0	227200.0	272362.0	319323.0	366348.0	419712.0	480131.0	548314.0	633164.0	733991.0	859636.0	1022182.0	1236702.0	1539498.0	1983577.0	2701054.0	4066067.0	4776284.0
	14.0	15.0	16.0	17.0	18.0	19.0	20.0	21.0	22.0	23.0	24.0	25.0	26.0	27.0	28.0	29.0	30.0	31.0	32.0	33.0	34.0	35.0	36.0	37.0	38.0	39.0	40.0
Sham_Sal_1_1	2.0	15.0	52.0	181.0	446.0	911.0	1877.0	4274.0	8942.0	17530.0	34598.0	123433.0	159141.0	90603.0	101045.0	128585.0	164735.0	210306.0	267134.0	341330.0	442258.0	584932.0	805940.0	1185523.0	1985882.0	4503062.0	15465746.0
	12.0	13.0	14.0	15.0	16.0	17.0	18.0	19.0	20.0	21.0	22.0	23.0	24.0	25.0	26.0	27.0	28.0	29.0	30.0	31.0	32.0	33.0	34.0	35.0	36.0	37.0	38.0	39.0	40.0
Sham_Sal_1_2	57.0	897.0	4295.0	10224.0	16491.0	23115.0	30202.0	40585.0	70181.0	112596.0	154087.0	198612.0	250500.0	335919.0	384434.0	356684.0	410282.0	471184.0	545046.0	630787.0	738661.0	873198.0	1050752.0	1293735.0	1653385.0	2211197.0	3190343.0	5216941.0	6354093.0
	15.0	16.0	17.0	18.0	19.0	20.0	21.0	22.0	23.0	24.0	25.0	26.0	27.0	28.0	29.0	30.0	31.0	32.0	33.0	34.0	35.0	36.0	37.0	38.0	39.0	40.0
Sham_Sal_2_1	2.0	22.0	75.0	199.0	517.0	1110.0	2296.0	4594.0	8832.0	15338.0	26069.0	41272.0	60495.0	86721.0	119877.0	162571.0	215946.0	283313.0	369731.0	483539.0	644085.0	889959.0	1301734.0	2138728.0	4506060.0	13379038.0
	11.0	12.0	13.0	14.0	15.0	16.0	17.0	18.0	19.0	20.0	21.0	22.0	23.0	24.0	25.0	26.0	27.0	28.0	29.0	30.0	31.0	32.0	33.0	34.0	35.0	36.0	37.0	38.0	39.0	40.0
Sham_Sal_2_2	1.0	26.0	457.0	2462.0	7368.0	15249.0	25980.0	39278.0	56784.0	97414.0	158600.0	223545.0	287996.0	352078.0	414550.0	478560.0	542949.0	612331.0	690908.0	775971.0	877424.0	996510.0	1138638.0	1315807.0	1539893.0	1834327.0	2242318.0	2814780.0	3707359.0	3492560.0
	14.0	15.0	16.0	17.0	18.0	19.0	20.0	21.0	22.0	23.0	24.0	25.0	26.0	27.0	28.0	29.0	30.0	31.0	32.0	33.0	34.0	35.0	36.0	37.0	38.0	39.0	40.0
Sham_Sal_3_1	1.0	11.0	26.0	122.0	304.0	660.0	1441.0	2892.0	5975.0	11228.0	19590.0	40408.0	61518.0	73212.0	101458.0	138296.0	184566.0	243435.0	316047.0	407968.0	531792.0	704997.0	967908.0	1414716.0	2320496.0	4896303.0	14602422.0
	12.0	13.0	14.0	15.0	16.0	17.0	18.0	19.0	20.0	21.0	22.0	23.0	24.0	25.0	26.0	27.0	28.0	29.0	30.0	31.0	32.0	33.0	34.0	35.0	36.0	37.0	38.0	39.0	40.0
Sham_Sal_3_2	40.0	437.0	2425.0	6620.0	12211.0	19335.0	27857.0	40221.0	68895.0	112534.0	159282.0	209014.0	261175.0	319776.0	380219.0	431733.0	501007.0	578283.0	671418.0	778240.0	909237.0	1071208.0	1279962.0	1552101.0	1921992.0	2457071.0	3275969.0	4655026.0	5344504.0
	14.0	15.0	16.0	17.0	18.0	19.0	20.0	21.0	22.0	23.0	24.0	25.0	26.0	27.0	28.0	29.0	30.0	31.0	32.0	33.0	34.0	35.0	36.0	37.0	38.0	39.0	40.0
Sham_Sal_4_1	1.0	12.0	60.0	157.0	416.0	772.0	1568.0	3055.0	5983.0	11113.0	18885.0	33616.0	50226.0	64083.0	89412.0	121452.0	162638.0	214310.0	278242.0	361062.0	470435.0	626145.0	856354.0	1250795.0	2047876.0	4367243.0	13718726.0
	12.0	13.0	14.0	15.0	16.0	17.0	18.0	19.0	20.0	21.0	22.0	23.0	24.0	25.0	26.0	27.0	28.0	29.0	30.0	31.0	32.0	33.0	34.0	35.0	36.0	37.0	38.0	39.0	40.0
Sham_Sal_4_2	40.0	736.0	3759.0	9746.0	18503.0	29191.0	41855.0	59348.0	101290.0	163781.0	226943.0	291292.0	354827.0	417174.0	478182.0	537701.0	604689.0	678154.0	757959.0	852231.0	961890.0	1092265.0	1259152.0	1467122.0	1743856.0	2132678.0	2718380.0	3751371.0	4000522.0
	15.0	16.0	17.0	18.0	19.0	20.0	21.0	22.0	23.0	24.0	25.0	26.0	27.0	28.0	29.0	30.0	31.0	32.0	33.0	34.0	35.0	36.0	37.0	38.0	39.0	40.0
Sham_oxy_1_1	10.0	53.0	186.0	463.0	1061.0	2282.0	4690.0	9055.0	15777.0	26607.0	58433.0	77093.0	71779.0	91083.0	120601.0	155626.0	201834.0	258761.0	328894.0	423416.0	557158.0	759189.0	1096887.0	1813527.0	4168187.0	15825206.0
	11.0	12.0	13.0	14.0	15.0	16.0	17.0	18.0	19.0	20.0	21.0	22.0	23.0	24.0	25.0	26.0	27.0	28.0	29.0	30.0	31.0	32.0	33.0	34.0	35.0	36.0	37.0	38.0	39.0	40.0
Sham_oxy_1_2	2.0	46.0	619.0	2735.0	6987.0	11949.0	17423.0	23419.0	31947.0	53849.0	87099.0	120005.0	155947.0	194227.0	244152.0	282511.0	307310.0	354380.0	409879.0	476965.0	557128.0	654383.0	781827.0	953331.0	1198801.0	1570070.0	2172576.0	3251529.0	5562290.0	6584472.0
	15.0	16.0	17.0	18.0	19.0	20.0	21.0	22.0	23.0	24.0	25.0	26.0	27.0	28.0	29.0	30.0	31.0	32.0	33.0	34.0	35.0	36.0	37.0	38.0	39.0	40.0
Sham_oxy_2_1	4.0	24.0	63.0	191.0	421.0	981.0	2060.0	4345.0	7929.0	13937.0	23776.0	36681.0	53207.0	76847.0	105865.0	144259.0	190023.0	250298.0	324279.0	424785.0	566112.0	777323.0	1137188.0	1857589.0	3897970.0	11496544.0
	11.0	12.0	13.0	14.0	15.0	16.0	17.0	18.0	19.0	20.0	21.0	22.0	23.0	24.0	25.0	26.0	27.0	28.0	29.0	30.0	31.0	32.0	33.0	34.0	35.0	36.0	37.0	38.0	39.0	40.0
Sham_oxy_2_2	2.0	29.0	445.0	2788.0	8412.0	16842.0	25513.0	35377.0	47686.0	80201.0	125621.0	171216.0	217282.0	263395.0	312342.0	363556.0	418075.0	477886.0	544344.0	622233.0	712594.0	821431.0	957228.0	1124945.0	1347964.0	1638864.0	2035913.0	2587452.0	3383905.0	3049160.0
	14.0	15.0	16.0	17.0	18.0	19.0	20.0	21.0	22.0	23.0	24.0	25.0	26.0	27.0	28.0	29.0	30.0	31.0	32.0	33.0	34.0	35.0	36.0	37.0	38.0	39.0	40.0
Sham_oxy_3_1	1.0	11.0	32.0	110.0	297.0	698.0	1386.0	2792.0	5708.0	10779.0	18934.0	32412.0	49662.0	70323.0	98649.0	135178.0	179645.0	233428.0	298985.0	380614.0	490816.0	642292.0	872715.0	1263699.0	2045417.0	4287150.0	12856389.0
	12.0	13.0	14.0	15.0	16.0	17.0	18.0	19.0	20.0	21.0	22.0	23.0	24.0	25.0	26.0	27.0	28.0	29.0	30.0	31.0	32.0	33.0	34.0	35.0	36.0	37.0	38.0	39.0	40.0
Sham_oxy_3_2	33.0	280.0	1554.0	4824.0	10301.0	17489.0	26461.0	38357.0	67345.0	111156.0	158994.0	209211.0	260693.0	315292.0	371701.0	430024.0	494838.0	567019.0	649040.0	743961.0	858284.0	993452.0	1162818.0	1385191.0	1683308.0	2113543.0	2764225.0	3929316.0	4609412.0
	14.0	15.0	16.0	17.0	18.0	19.0	20.0	21.0	22.0	23.0	24.0	25.0	26.0	27.0	28.0	29.0	30.0	31.0	32.0	33.0	34.0	35.0	36.0	37.0	38.0	39.0	40.0
Sham_oxy_4_1	1.0	13.0	57.0	210.0	450.0	878.0	1660.0	3190.0	5706.0	10135.0	16517.0	30262.0	44774.0	55577.0	75328.0	102444.0	137097.0	180898.0	236264.0	307185.0	401089.0	534979.0	735583.0	1078081.0	1779397.0	3883334.0	13571592.0
	11.0	12.0	13.0	14.0	15.0	16.0	17.0	18.0	19.0	20.0	21.0	22.0	23.0	24.0	25.0	26.0	27.0	28.0	29.0	30.0	31.0	32.0	33.0	34.0	35.0	36.0	37.0	38.0	39.0	40.0
Sham_oxy_4_2	1.0	39.0	687.0	3060.0	7359.0	13070.0	20513.0	28490.0	40538.0	68674.0	109625.0	153073.0	197481.0	244074.0	291572.0	337142.0	384180.0	438017.0	497926.0	570249.0	653638.0	752773.0	879938.0	1044179.0	1258293.0	1562156.0	2011220.0	2735029.0	4105698.0	4784007.0

