	13.0	14.0	15.0	16.0	17.0	18.0	19.0	20.0	21.0	22.0	23.0	24.0	25.0	26.0	27.0	28.0	29.0	30.0	31.0	32.0	33.0	34.0	35.0	36.0	37.0	38.0	39.0	40.0
SNI_Sal_1_1	1.0	2.0	18.0	122.0	361.0	973.0	2186.0	3900.0	6566.0	11119.0	18519.0	28652.0	79707.0	90390.0	80822.0	101699.0	132099.0	171320.0	220636.0	283622.0	362802.0	465323.0	612482.0	835785.0	1217022.0	1982966.0	4144348.0	12221773.0
	11.0	12.0	13.0	14.0	15.0	16.0	17.0	18.0	19.0	20.0	21.0	22.0	23.0	24.0	25.0	26.0	27.0	28.0	29.0	30.0	31.0	32.0	33.0	34.0	35.0	36.0	37.0	38.0	39.0	40.0
SNI_Sal_1_2	24.0	820.0	7637.0	29268.0	55026.0	72582.0	82498.0	89492.0	97669.0	110595.0	127421.0	148440.0	173583.0	205411.0	254313.0	292310.0	301120.0	346348.0	401858.0	468963.0	552059.0	656890.0	791099.0	968128.0	1212517.0	1569701.0	2130231.0	3049153.0	4531959.0	4348100.0
	12.0	13.0	14.0	15.0	16.0	17.0	18.0	19.0	20.0	21.0	22.0	23.0	24.0	25.0	26.0	27.0	28.0	29.0	30.0	31.0	32.0	33.0	34.0	35.0	36.0	37.0	38.0	39.0	40.0
SNI_Sal_2_1	1.0	2.0	4.0	62.0	263.0	607.0	1346.0	2609.0	4907.0	9494.0	17756.0	33964.0	76585.0	506557.0	398344.0	121373.0	125362.0	158708.0	204363.0	262685.0	337865.0	438363.0	575045.0	771624.0	1055466.0	1509867.0	2342971.0	4550206.0	11084896.0
	11.0	12.0	13.0	14.0	15.0	16.0	17.0	18.0	19.0	20.0	21.0	22.0	23.0	24.0	25.0	26.0	27.0	28.0	29.0	30.0	31.0	32.0	33.0	34.0	35.0	36.0	37.0	38.0	39.0	40.0
SNI_Sal_2_2	43.0	969.0	9145.0	38174.0	80267.0	119525.0	148047.0	170824.0	194633.0	223617.0	260222.0	303697.0	357161.0	444523.0	698396.0	803605.0	500785.0	544861.0	614115.0	695027.0	793341.0	914132.0	1061516.0	1255756.0	1508961.0	1840448.0	2275014.0	2809549.0	3364550.0	2560392.0
	13.0	14.0	15.0	16.0	17.0	18.0	19.0	20.0	21.0	22.0	23.0	24.0	25.0	26.0	27.0	28.0	29.0	30.0	31.0	32.0	33.0	34.0	35.0	36.0	37.0	38.0	39.0	40.0
SNI_Sal_3_1	1.0	13.0	82.0	339.0	901.0	1983.0	3770.0	6687.0	11611.0	20115.0	31409.0	50688.0	151804.0	142005.0	116741.0	143913.0	183505.0	234529.0	303083.0	391966.0	508367.0	675445.0	930192.0	1272337.0	1796421.0	2650584.0	4852115.0	12516666.0
	11.0	12.0	13.0	14.0	15.0	16.0	17.0	18.0	19.0	20.0	21.0	22.0	23.0	24.0	25.0	26.0	27.0	28.0	29.0	30.0	31.0	32.0	33.0	34.0	35.0	36.0	37.0	38.0	39.0	40.0
SNI_Sal_3_2	13.0	350.0	2988.0	14759.0	36621.0	60057.0	77051.0	90575.0	106118.0	128393.0	156548.0	189539.0	229678.0	282341.0	362621.0	401435.0	412730.0	480482.0	564887.0	667545.0	797561.0	959589.0	1174880.0	1463651.0	1855172.0	2371258.0	3030047.0	3779338.0	4390979.0	2910066.0
	14.0	15.0	16.0	17.0	18.0	19.0	20.0	21.0	22.0	23.0	24.0	25.0	26.0	27.0	28.0	29.0	30.0	31.0	32.0	33.0	34.0	35.0	36.0	37.0	38.0	39.0	40.0
SNI_Sal_4_1	2.0	25.0	107.0	392.0	781.0	1688.0	3473.0	7002.0	13074.0	22849.0	37689.0	77607.0	100373.0	107103.0	140409.0	179404.0	230018.0	290509.0	366624.0	470337.0	612372.0	824370.0	1136059.0	1642416.0	2532714.0	4922628.0	12641643.0
	11.0	12.0	13.0	14.0	15.0	16.0	17.0	18.0	19.0	20.0	21.0	22.0	23.0	24.0	25.0	26.0	27.0	28.0	29.0	30.0	31.0	32.0	33.0	34.0	35.0	36.0	37.0	38.0	39.0	40.0
SNI_Sal_4_2	41.0	345.0	2756.0	12136.0	30247.0	53925.0	78632.0	102182.0	127665.0	157917.0	188631.0	221876.0	259500.0	302615.0	357417.0	423373.0	457041.0	520211.0	595679.0	687799.0	797831.0	931232.0	1101709.0	1324256.0	1615737.0	2022700.0	2587108.0	3366369.0	4342662.0	3692076.0
	14.0	15.0	16.0	17.0	18.0	19.0	20.0	21.0	22.0	23.0	24.0	25.0	26.0	27.0	28.0	29.0	30.0	31.0	32.0	33.0	34.0	35.0	36.0	37.0	38.0	39.0	40.0
SNI_oxy_1_1	5.0	116.0	390.0	1063.0	2079.0	3716.0	6640.0	11495.0	21206.0	37450.0	77178.0	487433.0	402599.0	126604.0	119906.0	139527.0	176089.0	223129.0	285189.0	369835.0	485839.0	655268.0	901798.0	1307142.0	2040506.0	4025297.0	11185124.0
	10.0	11.0	12.0	13.0	14.0	15.0	16.0	17.0	18.0	19.0	20.0	21.0	22.0	23.0	24.0	25.0	26.0	27.0	28.0	29.0	30.0	31.0	32.0	33.0	34.0	35.0	36.0	37.0	38.0	39.0	40.0
SNI_oxy_1_2	1.0	12.0	290.0	3233.0	15105.0	34849.0	56678.0	76245.0	95396.0	118638.0	146382.0	180189.0	220679.0	271456.0	355746.0	599534.0	694170.0	403927.0	440984.0	503491.0	581580.0	679162.0	794733.0	944958.0	1137769.0	1390619.0	1736272.0	2205031.0	2824058.0	3531204.0	3050232.0
	14.0	15.0	16.0	17.0	18.0	19.0	20.0	21.0	22.0	23.0	24.0	25.0	26.0	27.0	28.0	29.0	30.0	31.0	32.0	33.0	34.0	35.0	36.0	37.0	38.0	39.0	40.0
SNI_oxy_2_1	5.0	33.0	142.0	368.0	887.0	1683.0	3219.0	5655.0	9842.0	16093.0	24984.0	48845.0	67092.0	78824.0	103549.0	135697.0	177643.0	230590.0	296858.0	382771.0	495879.0	655520.0	898844.0	1313203.0	2124367.0	4335541.0	11937033.0
	10.0	11.0	12.0	13.0	14.0	15.0	16.0	17.0	18.0	19.0	20.0	21.0	22.0	23.0	24.0	25.0	26.0	27.0	28.0	29.0	30.0	31.0	32.0	33.0	34.0	35.0	36.0	37.0	38.0	39.0	40.0
SNI_oxy_2_2	1.0	14.0	573.0	5733.0	25374.0	57009.0	89925.0	119620.0	145853.0	173235.0	203400.0	237120.0	273446.0	313626.0	356440.0	410655.0	464463.0	508328.0	572254.0	646354.0	731681.0	834471.0	957059.0	1107962.0	1295575.0	1534200.0	1841365.0	2236124.0	2708165.0	3156808.0	2338334.0
	13.0	14.0	15.0	16.0	17.0	18.0	19.0	20.0	21.0	22.0	23.0	24.0	25.0	26.0	27.0	28.0	29.0	30.0	31.0	32.0	33.0	34.0	35.0	36.0	37.0	38.0	39.0	40.0
SNI_oxy_3_1	1.0	11.0	74.0	336.0	859.0	1613.0	2785.0	4738.0	8186.0	14621.0	25391.0	47516.0	327610.0	457585.0	122948.0	104955.0	125815.0	159412.0	201851.0	257518.0	329072.0	426215.0	565528.0	776563.0	1131842.0	1816467.0	3666583.0	10100964.0
	11.0	12.0	13.0	14.0	15.0	16.0	17.0	18.0	19.0	20.0	21.0	22.0	23.0	24.0	25.0	26.0	27.0	28.0	29.0	30.0	31.0	32.0	33.0	34.0	35.0	36.0	37.0	38.0	39.0	40.0
SNI_oxy_3_2	19.0	514.0	4614.0	18431.0	36773.0	51994.0	65853.0	78935.0	96029.0	117421.0	141380.0	171870.0	205996.0	254901.0	383122.0	804278.0	416788.0	378041.0	433394.0	499936.0	581563.0	682356.0	813326.0	975600.0	1196962.0	1497533.0	1929453.0	2529240.0	3291548.0	3019189.0
	13.0	14.0	15.0	16.0	17.0	18.0	19.0	20.0	21.0	22.0	23.0	24.0	25.0	26.0	27.0	28.0	29.0	30.0	31.0	32.0	33.0	34.0	35.0	36.0	37.0	38.0	39.0	40.0
SNI_oxy_4_1	2.0	11.0	122.0	453.0	1140.0	2300.0	3869.0	6110.0	9117.0	13750.0	20492.0	30727.0	67861.0	84931.0	79480.0	101646.0	131641.0	170482.0	219995.0	283425.0	369008.0	490086.0	677087.0	941907.0	1363252.0	2080258.0	3998902.0	11731414.0
	11.0	12.0	13.0	14.0	15.0	16.0	17.0	18.0	19.0	20.0	21.0	22.0	23.0	24.0	25.0	26.0	27.0	28.0	29.0	30.0	31.0	32.0	33.0	34.0	35.0	36.0	37.0	38.0	39.0	40.0
SNI_oxy_4_2	10.0	407.0	3632.0	14627.0	30580.0	48893.0	68308.0	87455.0	109701.0	135228.0	163716.0	194825.0	230337.0	270066.0	324211.0	379793.0	403642.0	461261.0	530310.0	613566.0	717714.0	846393.0	1011265.0	1228843.0	1515338.0	1903703.0	2396982.0	2965733.0	3489274.0	2733655.0
	14.0	15.0	16.0	17.0	18.0	19.0	20.0	21.0	22.0	23.0	24.0	25.0	26.0	27.0	28.0	29.0	30.0	31.0	32.0	33.0	34.0	35.0	36.0	37.0	38.0	39.0	40.0
Sham_Sal_1_1	13.0	134.0	486.0	1332.0	2739.0	4990.0	8973.0	17477.0	33802.0	66572.0	157354.0	1194439.0	907091.0	189574.0	149735.0	172004.0	211430.0	266134.0	335478.0	434101.0	571496.0	782129.0	1082547.0	1575030.0	2409891.0	4491551.0	11811161.0
	11.0	12.0	13.0	14.0	15.0	16.0	17.0	18.0	19.0	20.0	21.0	22.0	23.0	24.0	25.0	26.0	27.0	28.0	29.0	30.0	31.0	32.0	33.0	34.0	35.0	36.0	37.0	38.0	39.0	40.0
Sham_Sal_1_2	21.0	717.0	7591.0	29606.0	55643.0	75028.0	91271.0	110098.0	137416.0	175818.0	227174.0	290211.0	382110.0	561847.0	1138893.0	1125450.0	436809.0	475235.0	549650.0	645517.0	760105.0	906293.0	1093066.0	1341412.0	1671862.0	2100600.0	2643393.0	3263146.0	3783956.0	2797725.0
	14.0	15.0	16.0	17.0	18.0	19.0	20.0	21.0	22.0	23.0	24.0	25.0	26.0	27.0	28.0	29.0	30.0	31.0	32.0	33.0	34.0	35.0	36.0	37.0	38.0	39.0	40.0
Sham_Sal_2_1	3.0	48.0	176.0	497.0	1081.0	2207.0	4010.0	6761.0	11352.0	18282.0	27854.0	56932.0	76043.0	82672.0	108427.0	142286.0	186112.0	241792.0	311802.0	402875.0	524059.0	699580.0	967132.0	1416566.0	2286859.0	4647834.0	12652951.0
	11.0	12.0	13.0	14.0	15.0	16.0	17.0	18.0	19.0	20.0	21.0	22.0	23.0	24.0	25.0	26.0	27.0	28.0	29.0	30.0	31.0	32.0	33.0	34.0	35.0	36.0	37.0	38.0	39.0	40.0
Sham_Sal_2_2	11.0	414.0	4291.0	17929.0	42445.0	72653.0	104378.0	136120.0	169074.0	204458.0	242506.0	283589.0	328088.0	378744.0	436492.0	492690.0	539933.0	608965.0	690089.0	782273.0	894859.0	1027846.0	1190528.0	1394894.0	1652831.0	1991779.0	2429492.0	2947395.0	3426391.0	2385036.0
	14.0	15.0	16.0	17.0	18.0	19.0	20.0	21.0	22.0	23.0	24.0	25.0	26.0	27.0	28.0	29.0	30.0	31.0	32.0	33.0	34.0	35.0	36.0	37.0	38.0	39.0	40.0
Sham_Sal_3_1	6.0	56.0	253.0	751.0	1518.0	2760.0	5034.0	8658.0	15197.0	25725.0	45327.0	203475.0	207640.0	107107.0	124813.0	158819.0	205588.0	265030.0	340526.0	436751.0	567098.0	753056.0	1035541.0	1513022.0	2444151.0	4981013.0	13781424.0
	11.0	12.0	13.0	14.0	15.0	16.0	17.0	18.0	19.0	20.0	21.0	22.0	23.0	24.0	25.0	26.0	27.0	28.0	29.0	30.0	31.0	32.0	33.0	34.0	35.0	36.0	37.0	38.0	39.0	40.0
Sham_Sal_3_2	17.0	437.0	3811.0	16299.0	36218.0	55302.0	74405.0	94641.0	118666.0	146402.0	179227.0	216616.0	261099.0	316962.0	424194.0	537965.0	450220.0	502086.0	579746.0	672501.0	785609.0	925808.0	1100072.0	1329624.0	1626161.0	2037490.0	2618924.0	3442535.0	4514997.0	4162305.0
	14.0	15.0	16.0	17.0	18.0	19.0	20.0	21.0	22.0	23.0	24.0	25.0	26.0	27.0	28.0	29.0	30.0	31.0	32.0	33.0	34.0	35.0	36.0	37.0	38.0	39.0	40.0
Sham_Sal_4_1	7.0	124.0	412.0	1142.0	2370.0	3940.0	6686.0	11049.0	19832.0	34425.0	65712.0	477073.0	815161.0	195430.0	144253.0	165688.0	204442.0	258283.0	327480.0	420452.0	547511.0	737380.0	1014979.0	1470653.0	2302079.0	4548315.0	12418942.0
	11.0	12.0	13.0	14.0	15.0	16.0	17.0	18.0	19.0	20.0	21.0	22.0	23.0	24.0	25.0	26.0	27.0	28.0	29.0	30.0	31.0	32.0	33.0	34.0	35.0	36.0	37.0	38.0	39.0	40.0
Sham_Sal_4_2	9.0	534.0	6339.0	25995.0	55806.0	87188.0	118732.0	150010.0	183665.0	220693.0	262086.0	309549.0	367890.0	450177.0	666946.0	1381475.0	669078.0	618047.0	695351.0	785154.0	894236.0	1027885.0	1190949.0	1400092.0	1663275.0	2000255.0	2418731.0	2879209.0	3262455.0	2402009.0
	13.0	14.0	15.0	16.0	17.0	18.0	19.0	20.0	21.0	22.0	23.0	24.0	25.0	26.0	27.0	28.0	29.0	30.0	31.0	32.0	33.0	34.0	35.0	36.0	37.0	38.0	39.0	40.0
Sham_oxy_1_1	1.0	17.0	152.0	566.0	1440.0	3008.0	5951.0	10797.0	19625.0	32304.0	51007.0	88249.0	378486.0	309822.0	151560.0	171690.0	215939.0	276014.0	356738.0	450653.0	573692.0	749512.0	1046008.0	1421991.0	1984333.0	2789103.0	4595320.0	10514458.0
	10.0	11.0	12.0	13.0	14.0	15.0	16.0	17.0	18.0	19.0	20.0	21.0	22.0	23.0	24.0	25.0	26.0	27.0	28.0	29.0	30.0	31.0	32.0	33.0	34.0	35.0	36.0	37.0	38.0	39.0	40.0
Sham_oxy_1_2	1.0	31.0	635.0	6143.0	20976.0	39930.0	56440.0	72007.0	90257.0	114106.0	146164.0	184678.0	228077.0	281361.0	363582.0	563732.0	565365.0	459123.0	533538.0	633477.0	757894.0	917869.0	1104166.0	1349568.0	1675054.0	2097026.0	2585254.0	3077527.0	3419825.0	3287908.0	1566722.0
	14.0	15.0	16.0	17.0	18.0	19.0	20.0	21.0	22.0	23.0	24.0	25.0	26.0	27.0	28.0	29.0	30.0	31.0	32.0	33.0	34.0	35.0	36.0	37.0	38.0	39.0	40.0
Sham_oxy_2_1	2.0	35.0	148.0	431.0	983.0	1738.0	3323.0	5753.0	10045.0	15899.0	25005.0	50940.0	60909.0	72902.0	97333.0	127219.0	167131.0	216394.0	279979.0	359153.0	467991.0	624826.0	857085.0	1247498.0	1997291.0	4049137.0	10782153.0
	11.0	12.0	13.0	14.0	15.0	16.0	17.0	18.0	19.0	20.0	21.0	22.0	23.0	24.0	25.0	26.0	27.0	28.0	29.0	30.0	31.0	32.0	33.0	34.0	35.0	36.0	37.0	38.0	39.0	40.0
Sham_oxy_2_2	34.0	428.0	4156.0	18823.0	44195.0	71736.0	93858.0	111846.0	131611.0	154801.0	182035.0	214333.0	251307.0	291938.0	341891.0	383590.0	430760.0	491286.0	561424.0	646536.0	748581.0	873894.0	1028257.0	1224214.0	1478865.0	1805098.0	2215351.0	2673392.0	3042983.0	2004080.0
	14.0	15.0	16.0	17.0	18.0	19.0	20.0	21.0	22.0	23.0	24.0	25.0	26.0	27.0	28.0	29.0	30.0	31.0	32.0	33.0	34.0	35.0	36.0	37.0	38.0	39.0	40.0
Sham_oxy_3_1	10.0	62.0	278.0	738.0	1444.0	2831.0	4708.0	8008.0	13847.0	22782.0	36224.0	77546.0	98575.0	98565.0	124965.0	161155.0	204977.0	258449.0	326735.0	414424.0	537695.0	712790.0	977750.0	1418343.0	2238535.0	4461737.0	11886189.0
	11.0	12.0	13.0	14.0	15.0	16.0	17.0	18.0	19.0	20.0	21.0	22.0	23.0	24.0	25.0	26.0	27.0	28.0	29.0	30.0	31.0	32.0	33.0	34.0	35.0	36.0	37.0	38.0	39.0	40.0
Sham_oxy_3_2	41.0	395.0	3132.0	12865.0	30452.0	51925.0	74225.0	96481.0	121210.0	148590.0	178769.0	213048.0	249195.0	291713.0	348438.0	411556.0	436236.0	497044.0	569392.0	655291.0	759064.0	885818.0	1043077.0	1244056.0	1512724.0	1875364.0	2381385.0	3051514.0	3841693.0	3104669.0
	13.0	14.0	15.0	16.0	17.0	18.0	19.0	20.0	21.0	22.0	23.0	24.0	25.0	26.0	27.0	28.0	29.0	30.0	31.0	32.0	33.0	34.0	35.0	36.0	37.0	38.0	39.0	40.0
Sham_oxy_4_1	1.0	15.0	110.0	469.0	1208.0	2357.0	3955.0	6240.0	9489.0	14317.0	22514.0	35743.0	115081.0	121784.0	85785.0	104455.0	134814.0	174448.0	225715.0	291980.0	380136.0	504916.0	695012.0	963435.0	1401203.0	2155769.0	4132752.0	11736464.0
	10.0	11.0	12.0	13.0	14.0	15.0	16.0	17.0	18.0	19.0	20.0	21.0	22.0	23.0	24.0	25.0	26.0	27.0	28.0	29.0	30.0	31.0	32.0	33.0	34.0	35.0	36.0	37.0	38.0	39.0	40.0
Sham_oxy_4_2	1.0	40.0	675.0	5580.0	20631.0	39822.0	59527.0	79333.0	98051.0	120873.0	146880.0	176506.0	211059.0	250449.0	299966.0	378068.0	418642.0	425786.0	483383.0	556339.0	644932.0	752990.0	887172.0	1060170.0	1285772.0	1585185.0	1974497.0	2468063.0	3014601.0	3459580.0	2415594.0

