
SUMMARISING RUN PARAMETERS
==========================
Input filename: Sham_oxy_2_2.fastq.gz
Trimming mode: paired-end
Trim Galore version: 0.6.7
Cutadapt version: 3.4
Python version: could not detect
Number of cores used for trimming: 8
Quality Phred score cutoff: 20
Quality encoding type selected: ASCII+33
Using Illumina adapter for trimming (count: 243270). Second best hit was Nextera (count: 26)
Adapter sequence: 'AGATCGGAAGAGC' (Illumina TruSeq, Sanger iPCR; auto-detected)
Maximum trimming error rate: 0.1 (default)
Minimum required adapter overlap (stringency): 1 bp
Minimum required sequence length for both reads before a sequence pair gets removed: 20 bp
Running FastQC on the data once trimming has completed
Running FastQC with the following extra arguments: -t 12
Output file will be GZIP compressed


This is cutadapt 3.4 with Python 3.9.6
Command line parameters: -j 8 -e 0.1 -q 20 -O 1 -a AGATCGGAAGAGC Sham_oxy_2_2.fastq.gz
Processing reads on 8 cores in single-end mode ...
Finished in 112.20 s (5 µs/read; 11.51 M reads/minute).

=== Summary ===

Total reads processed:              21,521,303
Reads with adapters:                12,010,660 (55.8%)
Reads written (passing filters):    21,521,303 (100.0%)

Total basepairs processed: 3,228,195,450 bp
Quality-trimmed:              95,292,699 bp (3.0%)
Total written (filtered):  2,885,130,308 bp (89.4%)

=== Adapter 1 ===

Sequence: AGATCGGAAGAGC; Type: regular 3'; Length: 13; Trimmed: 12010660 times

No. of allowed errors:
1-9 bp: 0; 10-13 bp: 1

Bases preceding removed adapters:
  A: 17.9%
  C: 34.5%
  G: 32.5%
  T: 15.1%
  none/other: 0.0%

Overview of removed sequences
length	count	expect	max.err	error counts
1	3516507	5380325.8	0	3516507
2	1134770	1345081.4	0	1134770
3	427137	336270.4	0	427137
4	178271	84067.6	0	178271
5	135585	21016.9	0	135585
6	130582	5254.2	0	130582
7	119435	1313.6	0	119435
8	109953	328.4	0	109953
9	110926	82.1	0	110354 572
10	128198	20.5	1	106235 21963
11	121840	5.1	1	101401 20439
12	128109	1.3	1	105480 22629
13	137880	0.3	1	112883 24997
14	170294	0.3	1	138025 32269
15	109719	0.3	1	91022 18697
16	136342	0.3	1	112427 23915
17	123654	0.3	1	102266 21388
18	94989	0.3	1	79303 15686
19	118829	0.3	1	98374 20455
20	106100	0.3	1	87704 18396
21	105452	0.3	1	88021 17431
22	117237	0.3	1	97062 20175
23	129382	0.3	1	106931 22451
24	145807	0.3	1	118861 26946
25	107694	0.3	1	90255 17439
26	115263	0.3	1	96587 18676
27	107981	0.3	1	90727 17254
28	122816	0.3	1	102462 20354
29	100604	0.3	1	85237 15367
30	141798	0.3	1	118191 23607
31	76257	0.3	1	65442 10815
32	110524	0.3	1	93509 17015
33	98638	0.3	1	84235 14403
34	97101	0.3	1	83089 14012
35	106810	0.3	1	90545 16265
36	121305	0.3	1	101546 19759
37	101131	0.3	1	86211 14920
38	91069	0.3	1	78148 12921
39	86101	0.3	1	74241 11860
40	92367	0.3	1	78823 13544
41	98416	0.3	1	83477 14939
42	109517	0.3	1	91614 17903
43	80006	0.3	1	68740 11266
44	99380	0.3	1	84178 15202
45	84880	0.3	1	73242 11638
46	85576	0.3	1	74280 11296
47	91990	0.3	1	78932 13058
48	83047	0.3	1	71775 11272
49	82714	0.3	1	71478 11236
50	82172	0.3	1	70475 11697
51	75996	0.3	1	65457 10539
52	75233	0.3	1	64569 10664
53	82493	0.3	1	70309 12184
54	80201	0.3	1	68812 11389
55	63915	0.3	1	55565 8350
56	78371	0.3	1	67553 10818
57	75098	0.3	1	64352 10746
58	62188	0.3	1	53455 8733
59	57942	0.3	1	49793 8149
60	65482	0.3	1	56375 9107
61	52475	0.3	1	45414 7061
62	46714	0.3	1	40546 6168
63	64275	0.3	1	55930 8345
64	30694	0.3	1	26915 3779
65	44026	0.3	1	38668 5358
66	41294	0.3	1	36207 5087
67	46046	0.3	1	39875 6171
68	44750	0.3	1	38796 5954
69	40351	0.3	1	34918 5433
70	36157	0.3	1	31533 4624
71	37476	0.3	1	32775 4701
72	35566	0.3	1	31058 4508
73	37214	0.3	1	32305 4909
74	41765	0.3	1	36411 5354
75	48942	0.3	1	41819 7123
76	236953	0.3	1	210212 26741
77	37335	0.3	1	32530 4805
78	9318	0.3	1	7996 1322
79	4684	0.3	1	4020 664
80	4325	0.3	1	3734 591
81	4058	0.3	1	3491 567
82	3428	0.3	1	2931 497
83	3107	0.3	1	2641 466
84	3060	0.3	1	2618 442
85	2779	0.3	1	2387 392
86	2918	0.3	1	2525 393
87	2532	0.3	1	2171 361
88	2350	0.3	1	2007 343
89	2100	0.3	1	1801 299
90	1823	0.3	1	1538 285
91	1542	0.3	1	1324 218
92	1371	0.3	1	1185 186
93	1291	0.3	1	1094 197
94	998	0.3	1	865 133
95	938	0.3	1	803 135
96	899	0.3	1	765 134
97	727	0.3	1	618 109
98	641	0.3	1	545 96
99	621	0.3	1	526 95
100	499	0.3	1	426 73
101	458	0.3	1	387 71
102	372	0.3	1	303 69
103	264	0.3	1	206 58
104	228	0.3	1	181 47
105	197	0.3	1	149 48
106	182	0.3	1	147 35
107	153	0.3	1	116 37
108	156	0.3	1	127 29
109	120	0.3	1	92 28
110	138	0.3	1	95 43
111	100	0.3	1	79 21
112	76	0.3	1	48 28
113	53	0.3	1	27 26
114	71	0.3	1	42 29
115	55	0.3	1	34 21
116	55	0.3	1	33 22
117	54	0.3	1	30 24
118	33	0.3	1	20 13
119	41	0.3	1	25 16
120	48	0.3	1	19 29
121	38	0.3	1	22 16
122	28	0.3	1	16 12
123	26	0.3	1	15 11
124	21	0.3	1	8 13
125	32	0.3	1	11 21
126	28	0.3	1	16 12
127	27	0.3	1	6 21
128	22	0.3	1	11 11
129	28	0.3	1	12 16
130	24	0.3	1	11 13
131	23	0.3	1	7 16
132	26	0.3	1	7 19
133	13	0.3	1	4 9
134	13	0.3	1	2 11
135	15	0.3	1	2 13
136	22	0.3	1	9 13
137	12	0.3	1	0 12
138	21	0.3	1	2 19
139	14	0.3	1	2 12
140	12	0.3	1	2 10
141	14	0.3	1	1 13
142	8	0.3	1	2 6
143	2	0.3	1	0 2
144	8	0.3	1	2 6
145	9	0.3	1	0 9
146	17	0.3	1	0 17
147	19	0.3	1	2 17
148	6	0.3	1	0 6
149	15	0.3	1	0 15
150	147	0.3	1	0 147

RUN STATISTICS FOR INPUT FILE: Sham_oxy_2_2.fastq.gz
=============================================
21521303 sequences processed in total

Total number of sequences analysed for the sequence pair length validation: 21521303

Number of sequence pairs removed because at least one read was shorter than the length cutoff (20 bp): 128602 (0.60%)
