
SUMMARISING RUN PARAMETERS
==========================
Input filename: Sham_Sal_3_1.fastq.gz
Trimming mode: paired-end
Trim Galore version: 0.6.7
Cutadapt version: 3.4
Python version: could not detect
Number of cores used for trimming: 8
Quality Phred score cutoff: 20
Quality encoding type selected: ASCII+33
Using Illumina adapter for trimming (count: 201382). Second best hit was Nextera (count: 14)
Adapter sequence: 'AGATCGGAAGAGC' (Illumina TruSeq, Sanger iPCR; auto-detected)
Maximum trimming error rate: 0.1 (default)
Minimum required adapter overlap (stringency): 1 bp
Minimum required sequence length for both reads before a sequence pair gets removed: 20 bp
Running FastQC on the data once trimming has completed
Running FastQC with the following extra arguments: -t 12
Output file will be GZIP compressed


This is cutadapt 3.4 with Python 3.9.6
Command line parameters: -j 8 -e 0.1 -q 20 -O 1 -a AGATCGGAAGAGC Sham_Sal_3_1.fastq.gz
Processing reads on 8 cores in single-end mode ...
Finished in 127.05 s (5 µs/read; 12.86 M reads/minute).

=== Summary ===

Total reads processed:              27,230,339
Reads with adapters:                14,250,058 (52.3%)
Reads written (passing filters):    27,230,339 (100.0%)

Total basepairs processed: 4,084,550,850 bp
Quality-trimmed:              36,945,596 bp (0.9%)
Total written (filtered):  3,776,009,798 bp (92.4%)

=== Adapter 1 ===

Sequence: AGATCGGAAGAGC; Type: regular 3'; Length: 13; Trimmed: 14250058 times

No. of allowed errors:
1-9 bp: 0; 10-13 bp: 1

Bases preceding removed adapters:
  A: 20.7%
  C: 30.7%
  G: 32.4%
  T: 16.2%
  none/other: 0.0%

Overview of removed sequences
length	count	expect	max.err	error counts
1	4721964	6807584.8	0	4721964
2	1529243	1701896.2	0	1529243
3	534297	425474.0	0	534297
4	214849	106368.5	0	214849
5	158834	26592.1	0	158834
6	145171	6648.0	0	145171
7	142902	1662.0	0	142902
8	136439	415.5	0	136439
9	132814	103.9	0	132177 637
10	141665	26.0	1	134118 7547
11	135681	6.5	1	128331 7350
12	139393	1.6	1	130920 8473
13	135415	0.4	1	126851 8564
14	135837	0.4	1	127501 8336
15	133315	0.4	1	124930 8385
16	131887	0.4	1	123618 8269
17	130216	0.4	1	121807 8409
18	134008	0.4	1	125033 8975
19	121190	0.4	1	114073 7117
20	125689	0.4	1	118319 7370
21	121480	0.4	1	114409 7071
22	125913	0.4	1	118187 7726
23	121845	0.4	1	114381 7464
24	120816	0.4	1	113274 7542
25	119294	0.4	1	112036 7258
26	117294	0.4	1	110315 6979
27	114827	0.4	1	108202 6625
28	114418	0.4	1	107546 6872
29	110398	0.4	1	103990 6408
30	111029	0.4	1	104398 6631
31	108727	0.4	1	102299 6428
32	115988	0.4	1	109565 6423
33	111946	0.4	1	105271 6675
34	109653	0.4	1	103143 6510
35	106655	0.4	1	100357 6298
36	101048	0.4	1	95235 5813
37	98610	0.4	1	93027 5583
38	96729	0.4	1	91088 5641
39	95407	0.4	1	89839 5568
40	94551	0.4	1	88971 5580
41	98322	0.4	1	92381 5941
42	94587	0.4	1	89111 5476
43	95855	0.4	1	90252 5603
44	88995	0.4	1	83991 5004
45	114025	0.4	1	107698 6327
46	64644	0.4	1	61398 3246
47	77404	0.4	1	73548 3856
48	82326	0.4	1	77928 4398
49	81765	0.4	1	77462 4303
50	81182	0.4	1	76816 4366
51	81456	0.4	1	77050 4406
52	80180	0.4	1	75882 4298
53	79217	0.4	1	74954 4263
54	76774	0.4	1	72661 4113
55	78996	0.4	1	74662 4334
56	70611	0.4	1	66963 3648
57	70121	0.4	1	66656 3465
58	67918	0.4	1	64463 3455
59	64763	0.4	1	61473 3290
60	61876	0.4	1	58824 3052
61	59066	0.4	1	56156 2910
62	59389	0.4	1	56372 3017
63	62382	0.4	1	59446 2936
64	59864	0.4	1	57024 2840
65	55014	0.4	1	52333 2681
66	59621	0.4	1	56514 3107
67	52253	0.4	1	49698 2555
68	50353	0.4	1	47975 2378
69	50561	0.4	1	47912 2649
70	53645	0.4	1	50228 3417
71	105000	0.4	1	56351 48649
72	355418	0.4	1	331575 23843
73	82969	0.4	1	76372 6597
74	26888	0.4	1	23192 3696
75	12874	0.4	1	11079 1795
76	8995	0.4	1	7758 1237
77	7650	0.4	1	6828 822
78	6384	0.4	1	5758 626
79	5652	0.4	1	5095 557
80	5137	0.4	1	4653 484
81	5065	0.4	1	4578 487
82	4677	0.4	1	4229 448
83	4134	0.4	1	3780 354
84	3929	0.4	1	3565 364
85	3570	0.4	1	3249 321
86	3376	0.4	1	3085 291
87	2923	0.4	1	2682 241
88	2811	0.4	1	2571 240
89	2396	0.4	1	2180 216
90	1978	0.4	1	1808 170
91	1709	0.4	1	1547 162
92	1420	0.4	1	1256 164
93	1291	0.4	1	1150 141
94	1058	0.4	1	942 116
95	943	0.4	1	823 120
96	886	0.4	1	795 91
97	832	0.4	1	722 110
98	705	0.4	1	629 76
99	603	0.4	1	516 87
100	551	0.4	1	477 74
101	492	0.4	1	419 73
102	425	0.4	1	353 72
103	337	0.4	1	275 62
104	247	0.4	1	188 59
105	222	0.4	1	166 56
106	188	0.4	1	133 55
107	222	0.4	1	140 82
108	204	0.4	1	143 61
109	169	0.4	1	108 61
110	149	0.4	1	84 65
111	142	0.4	1	74 68
112	111	0.4	1	51 60
113	127	0.4	1	63 64
114	118	0.4	1	50 68
115	87	0.4	1	36 51
116	72	0.4	1	45 27
117	76	0.4	1	28 48
118	71	0.4	1	23 48
119	69	0.4	1	22 47
120	66	0.4	1	21 45
121	72	0.4	1	20 52
122	94	0.4	1	14 80
123	37	0.4	1	8 29
124	60	0.4	1	10 50
125	68	0.4	1	12 56
126	44	0.4	1	5 39
127	44	0.4	1	11 33
128	56	0.4	1	11 45
129	69	0.4	1	7 62
130	65	0.4	1	7 58
131	47	0.4	1	2 45
132	69	0.4	1	10 59
133	53	0.4	1	7 46
134	61	0.4	1	4 57
135	48	0.4	1	6 42
136	44	0.4	1	5 39
137	48	0.4	1	2 46
138	52	0.4	1	3 49
139	52	0.4	1	1 51
140	63	0.4	1	2 61
141	64	0.4	1	1 63
142	71	0.4	1	5 66
143	76	0.4	1	0 76
144	78	0.4	1	1 77
145	151	0.4	1	11 140
146	130	0.4	1	0 130
147	234	0.4	1	7 227
148	305	0.4	1	0 305
149	892	0.4	1	1 891
150	10891	0.4	1	11 10880

RUN STATISTICS FOR INPUT FILE: Sham_Sal_3_1.fastq.gz
=============================================
27230339 sequences processed in total

