
SUMMARISING RUN PARAMETERS
==========================
Input filename: Sham_oxy_1_2.fastq.gz
Trimming mode: paired-end
Trim Galore version: 0.6.7
Cutadapt version: 3.4
Python version: could not detect
Number of cores used for trimming: 8
Quality Phred score cutoff: 20
Quality encoding type selected: ASCII+33
Using Illumina adapter for trimming (count: 649195). Second best hit was smallRNA (count: 5)
Adapter sequence: 'AGATCGGAAGAGC' (Illumina TruSeq, Sanger iPCR; auto-detected)
Maximum trimming error rate: 0.1 (default)
Minimum required adapter overlap (stringency): 1 bp
Minimum required sequence length for both reads before a sequence pair gets removed: 20 bp
Running FastQC on the data once trimming has completed
Running FastQC with the following extra arguments: -t 12
Output file will be GZIP compressed


This is cutadapt 3.4 with Python 3.9.6
Command line parameters: -j 8 -e 0.1 -q 20 -O 1 -a AGATCGGAAGAGC Sham_oxy_1_2.fastq.gz
Processing reads on 8 cores in single-end mode ...
Finished in 77.87 s (3 µs/read; 20.19 M reads/minute).

=== Summary ===

Total reads processed:              26,198,436
Reads with adapters:                22,418,665 (85.6%)
Reads written (passing filters):    26,198,436 (100.0%)

Total basepairs processed: 3,929,765,400 bp
Quality-trimmed:             186,136,984 bp (4.7%)
Total written (filtered):  2,598,091,553 bp (66.1%)

=== Adapter 1 ===

Sequence: AGATCGGAAGAGC; Type: regular 3'; Length: 13; Trimmed: 22418665 times

No. of allowed errors:
1-9 bp: 0; 10-13 bp: 1

Bases preceding removed adapters:
  A: 7.8%
  C: 44.1%
  G: 41.1%
  T: 7.1%
  none/other: 0.0%

Overview of removed sequences
length	count	expect	max.err	error counts
1	1506704	6549609.0	0	1506704
2	419654	1637402.2	0	419654
3	158439	409350.6	0	158439
4	73595	102337.6	0	73595
5	73255	25584.4	0	73255
6	66742	6396.1	0	66742
7	78431	1599.0	0	78431
8	62819	399.8	0	62819
9	58354	99.9	0	58005 349
10	83649	25.0	1	64302 19347
11	69558	6.2	1	55040 14518
12	79536	1.6	1	60852 18684
13	92348	0.4	1	70096 22252
14	157393	0.4	1	115727 41666
15	67727	0.4	1	53579 14148
16	100825	0.4	1	77543 23282
17	111449	0.4	1	84297 27152
18	61349	0.4	1	48954 12395
19	105649	0.4	1	81032 24617
20	77328	0.4	1	59719 17609
21	81686	0.4	1	64878 16808
22	102479	0.4	1	78973 23506
23	126862	0.4	1	97466 29396
24	181883	0.4	1	133720 48163
25	101613	0.4	1	79265 22348
26	112434	0.4	1	88133 24301
27	105272	0.4	1	83272 22000
28	150630	0.4	1	117417 33213
29	110349	0.4	1	88515 21834
30	208631	0.4	1	161936 46695
31	77343	0.4	1	63148 14195
32	153113	0.4	1	121016 32097
33	129417	0.4	1	104650 24767
34	139114	0.4	1	114279 24835
35	163343	0.4	1	128967 34376
36	242622	0.4	1	185168 57454
37	179777	0.4	1	143303 36474
38	142379	0.4	1	114481 27898
39	154945	0.4	1	125450 29495
40	193834	0.4	1	156259 37575
41	220783	0.4	1	176658 44125
42	304452	0.4	1	232354 72098
43	186727	0.4	1	148823 37904
44	281382	0.4	1	220026 61356
45	229680	0.4	1	187205 42475
46	248967	0.4	1	206730 42237
47	321579	0.4	1	264842 56737
48	305521	0.4	1	254859 50662
49	320909	0.4	1	267597 53312
50	324506	0.4	1	263873 60633
51	309015	0.4	1	252879 56136
52	336253	0.4	1	274409 61844
53	336372	0.4	1	267816 68556
54	392569	0.4	1	316498 76071
55	272364	0.4	1	223789 48575
56	365326	0.4	1	296240 69086
57	430170	0.4	1	348114 82056
58	343889	0.4	1	276524 67365
59	336689	0.4	1	273744 62945
60	396260	0.4	1	319380 76880
61	319031	0.4	1	259485 59546
62	296617	0.4	1	240793 55824
63	469309	0.4	1	388271 81038
64	193688	0.4	1	163671 30017
65	288375	0.4	1	240056 48319
66	298121	0.4	1	247481 50640
67	403513	0.4	1	333472 70041
68	352351	0.4	1	283086 69265
69	328643	0.4	1	265842 62801
70	328235	0.4	1	271859 56376
71	340709	0.4	1	283873 56836
72	346463	0.4	1	286653 59810
73	366535	0.4	1	302265 64270
74	450352	0.4	1	377993 72359
75	539672	0.4	1	434864 104808
76	3118634	0.4	1	2628801 489833
77	562979	0.4	1	468177 94802
78	131568	0.4	1	107948 23620
79	59831	0.4	1	48853 10978
80	50719	0.4	1	41071 9648
81	53976	0.4	1	44202 9774
82	45275	0.4	1	36862 8413
83	38744	0.4	1	30329 8415
84	36920	0.4	1	29596 7324
85	32757	0.4	1	26889 5868
86	33102	0.4	1	27260 5842
87	29981	0.4	1	24133 5848
88	28211	0.4	1	23145 5066
89	28124	0.4	1	23543 4581
90	21780	0.4	1	17342 4438
91	19553	0.4	1	16453 3100
92	16245	0.4	1	13488 2757
93	15903	0.4	1	12996 2907
94	14522	0.4	1	12170 2352
95	11989	0.4	1	9899 2090
96	12438	0.4	1	10347 2091
97	11597	0.4	1	9703 1894
98	9098	0.4	1	7417 1681
99	9063	0.4	1	7587 1476
100	7893	0.4	1	6614 1279
101	6765	0.4	1	5583 1182
102	5879	0.4	1	4770 1109
103	5041	0.4	1	4176 865
104	4123	0.4	1	3431 692
105	3844	0.4	1	3190 654
106	4006	0.4	1	3332 674
107	3766	0.4	1	3171 595
108	3786	0.4	1	3153 633
109	3690	0.4	1	3151 539
110	3124	0.4	1	2570 554
111	2605	0.4	1	2193 412
112	2072	0.4	1	1739 333
113	2041	0.4	1	1738 303
114	1591	0.4	1	1300 291
115	1527	0.4	1	1282 245
116	1585	0.4	1	1341 244
117	1764	0.4	1	1508 256
118	1496	0.4	1	1226 270
119	1231	0.4	1	1034 197
120	1211	0.4	1	1025 186
121	1174	0.4	1	984 190
122	872	0.4	1	741 131
123	940	0.4	1	789 151
124	649	0.4	1	538 111
125	463	0.4	1	371 92
126	454	0.4	1	379 75
127	329	0.4	1	276 53
128	372	0.4	1	331 41
129	288	0.4	1	229 59
130	230	0.4	1	203 27
131	172	0.4	1	141 31
132	97	0.4	1	80 17
133	69	0.4	1	49 20
134	52	0.4	1	42 10
135	49	0.4	1	38 11
136	156	0.4	1	135 21
137	32	0.4	1	18 14
138	47	0.4	1	22 25
139	13	0.4	1	7 6
140	12	0.4	1	4 8
141	11	0.4	1	2 9
142	6	0.4	1	2 4
143	9	0.4	1	0 9
144	14	0.4	1	0 14
145	11	0.4	1	1 10
146	7	0.4	1	1 6
147	18	0.4	1	0 18
148	20	0.4	1	1 19
149	92	0.4	1	1 91
150	2401	0.4	1	0 2401

RUN STATISTICS FOR INPUT FILE: Sham_oxy_1_2.fastq.gz
=============================================
26198436 sequences processed in total

Total number of sequences analysed for the sequence pair length validation: 26198436

Number of sequence pairs removed because at least one read was shorter than the length cutoff (20 bp): 130578 (0.50%)
