
SUMMARISING RUN PARAMETERS
==========================
Input filename: SNI_oxy_3_2.fastq.gz
Trimming mode: paired-end
Trim Galore version: 0.6.7
Cutadapt version: 3.4
Python version: could not detect
Number of cores used for trimming: 8
Quality Phred score cutoff: 20
Quality encoding type selected: ASCII+33
Using Illumina adapter for trimming (count: 201012). Second best hit was smallRNA (count: 14)
Adapter sequence: 'AGATCGGAAGAGC' (Illumina TruSeq, Sanger iPCR; auto-detected)
Maximum trimming error rate: 0.1 (default)
Minimum required adapter overlap (stringency): 1 bp
Minimum required sequence length for both reads before a sequence pair gets removed: 20 bp
Running FastQC on the data once trimming has completed
Running FastQC with the following extra arguments: -t 12
Output file will be GZIP compressed


This is cutadapt 3.4 with Python 3.9.6
Command line parameters: -j 8 -e 0.1 -q 20 -O 1 -a AGATCGGAAGAGC SNI_oxy_3_2.fastq.gz
Processing reads on 8 cores in single-end mode ...
Finished in 98.10 s (5 µs/read; 12.65 M reads/minute).

=== Summary ===

Total reads processed:              20,677,059
Reads with adapters:                11,081,122 (53.6%)
Reads written (passing filters):    20,677,059 (100.0%)

Total basepairs processed: 3,101,558,850 bp
Quality-trimmed:             127,036,448 bp (4.1%)
Total written (filtered):  2,722,542,562 bp (87.8%)

=== Adapter 1 ===

Sequence: AGATCGGAAGAGC; Type: regular 3'; Length: 13; Trimmed: 11081122 times

No. of allowed errors:
1-9 bp: 0; 10-13 bp: 1

Bases preceding removed adapters:
  A: 19.5%
  C: 31.3%
  G: 36.0%
  T: 12.9%
  none/other: 0.3%

Overview of removed sequences
length	count	expect	max.err	error counts
1	3562139	5169264.8	0	3562139
2	1121097	1292316.2	0	1121097
3	407020	323079.0	0	407020
4	155074	80769.8	0	155074
5	109842	20192.4	0	109842
6	103658	5048.1	0	103658
7	97100	1262.0	0	97100
8	91568	315.5	0	91568
9	92125	78.9	0	91636 489
10	98302	19.7	1	89653 8649
11	91548	4.9	1	83553 7995
12	94656	1.2	1	85748 8908
13	99443	0.3	1	89153 10290
14	113721	0.3	1	101557 12164
15	82713	0.3	1	75455 7258
16	97241	0.3	1	87998 9243
17	83684	0.3	1	76415 7269
18	76680	0.3	1	70400 6280
19	87137	0.3	1	79265 7872
20	82211	0.3	1	74833 7378
21	81288	0.3	1	74281 7007
22	87877	0.3	1	80127 7750
23	90308	0.3	1	82196 8112
24	93966	0.3	1	85065 8901
25	78706	0.3	1	72163 6543
26	83077	0.3	1	76388 6689
27	78329	0.3	1	71965 6364
28	83648	0.3	1	76819 6829
29	76400	0.3	1	70617 5783
30	91898	0.3	1	84169 7729
31	68668	0.3	1	63993 4675
32	89035	0.3	1	82645 6390
33	77509	0.3	1	72145 5364
34	81988	0.3	1	75771 6217
35	74639	0.3	1	69299 5340
36	72981	0.3	1	67770 5211
37	71195	0.3	1	66529 4666
38	70757	0.3	1	65775 4982
39	68900	0.3	1	64358 4542
40	67630	0.3	1	63546 4084
41	69240	0.3	1	64803 4437
42	73361	0.3	1	68445 4916
43	65323	0.3	1	61383 3940
44	65909	0.3	1	61674 4235
45	67883	0.3	1	63329 4554
46	64275	0.3	1	60395 3880
47	64650	0.3	1	60610 4040
48	62326	0.3	1	58563 3763
49	62007	0.3	1	58152 3855
50	63770	0.3	1	59768 4002
51	61465	0.3	1	57860 3605
52	60142	0.3	1	56493 3649
53	63586	0.3	1	59558 4028
54	61837	0.3	1	58029 3808
55	51053	0.3	1	48133 2920
56	59006	0.3	1	55644 3362
57	57744	0.3	1	54182 3562
58	50755	0.3	1	47655 3100
59	48024	0.3	1	45193 2831
60	52033	0.3	1	48834 3199
61	43920	0.3	1	41404 2516
62	41543	0.3	1	39174 2369
63	54516	0.3	1	51558 2958
64	29521	0.3	1	27965 1556
65	38130	0.3	1	36148 1982
66	36099	0.3	1	34181 1918
67	40330	0.3	1	38132 2198
68	36220	0.3	1	34286 1934
69	35870	0.3	1	33846 2024
70	34146	0.3	1	32115 2031
71	34447	0.3	1	32338 2109
72	33748	0.3	1	31555 2193
73	34997	0.3	1	31462 3535
74	42882	0.3	1	34462 8420
75	407215	0.3	1	38484 368731
76	340275	0.3	1	224351 115924
77	64007	0.3	1	34207 29800
78	19306	0.3	1	8002 11304
79	10165	0.3	1	4116 6049
80	7886	0.3	1	3715 4171
81	6353	0.3	1	3464 2889
82	5159	0.3	1	3246 1913
83	4820	0.3	1	2951 1869
84	4714	0.3	1	3111 1603
85	4489	0.3	1	2769 1720
86	4191	0.3	1	2663 1528
87	3552	0.3	1	2286 1266
88	3216	0.3	1	2167 1049
89	2614	0.3	1	1796 818
90	2413	0.3	1	1603 810
91	1998	0.3	1	1356 642
92	1658	0.3	1	1134 524
93	1562	0.3	1	1001 561
94	1400	0.3	1	896 504
95	1216	0.3	1	742 474
96	1308	0.3	1	809 499
97	1033	0.3	1	628 405
98	896	0.3	1	528 368
99	782	0.3	1	453 329
100	719	0.3	1	399 320
101	675	0.3	1	400 275
102	609	0.3	1	334 275
103	462	0.3	1	238 224
104	407	0.3	1	188 219
105	359	0.3	1	165 194
106	326	0.3	1	147 179
107	365	0.3	1	135 230
108	273	0.3	1	119 154
109	318	0.3	1	117 201
110	234	0.3	1	95 139
111	182	0.3	1	66 116
112	160	0.3	1	49 111
113	158	0.3	1	40 118
114	132	0.3	1	29 103
115	144	0.3	1	32 112
116	130	0.3	1	35 95
117	111	0.3	1	16 95
118	113	0.3	1	26 87
119	105	0.3	1	26 79
120	91	0.3	1	25 66
121	92	0.3	1	19 73
122	124	0.3	1	20 104
123	74	0.3	1	21 53
124	92	0.3	1	15 77
125	97	0.3	1	6 91
126	73	0.3	1	8 65
127	70	0.3	1	9 61
128	74	0.3	1	5 69
129	80	0.3	1	11 69
130	64	0.3	1	9 55
131	56	0.3	1	5 51
132	69	0.3	1	11 58
133	51	0.3	1	2 49
134	43	0.3	1	4 39
135	55	0.3	1	5 50
136	66	0.3	1	3 63
137	57	0.3	1	3 54
138	63	0.3	1	2 61
139	56	0.3	1	0 56
140	65	0.3	1	1 64
141	74	0.3	1	3 71
142	55	0.3	1	0 55
143	80	0.3	1	0 80
144	96	0.3	1	1 95
145	162	0.3	1	0 162
146	231	0.3	1	0 231
147	410	0.3	1	3 407
148	616	0.3	1	0 616
149	2817	0.3	1	1 2816
150	70343	0.3	1	4 70339

RUN STATISTICS FOR INPUT FILE: SNI_oxy_3_2.fastq.gz
=============================================
20677059 sequences processed in total

Total number of sequences analysed for the sequence pair length validation: 20677059

Number of sequence pairs removed because at least one read was shorter than the length cutoff (20 bp): 738127 (3.57%)
