
SUMMARISING RUN PARAMETERS
==========================
Input filename: SNI_Sal_4_1.fastq.gz
Trimming mode: paired-end
Trim Galore version: 0.6.7
Cutadapt version: 3.4
Python version: could not detect
Number of cores used for trimming: 8
Quality Phred score cutoff: 20
Quality encoding type selected: ASCII+33
Using Illumina adapter for trimming (count: 293107). Second best hit was Nextera (count: 3)
Adapter sequence: 'AGATCGGAAGAGC' (Illumina TruSeq, Sanger iPCR; auto-detected)
Maximum trimming error rate: 0.1 (default)
Minimum required adapter overlap (stringency): 1 bp
Minimum required sequence length for both reads before a sequence pair gets removed: 20 bp
Running FastQC on the data once trimming has completed
Running FastQC with the following extra arguments: -t 12
Output file will be GZIP compressed


This is cutadapt 3.4 with Python 3.9.6
Command line parameters: -j 8 -e 0.1 -q 20 -O 1 -a AGATCGGAAGAGC SNI_Sal_4_1.fastq.gz
Processing reads on 8 cores in single-end mode ...
Finished in 85.39 s (3 µs/read; 18.52 M reads/minute).

=== Summary ===

Total reads processed:              26,361,668
Reads with adapters:                14,411,920 (54.7%)
Reads written (passing filters):    26,361,668 (100.0%)

Total basepairs processed: 3,954,250,200 bp
Quality-trimmed:              26,782,336 bp (0.7%)
Total written (filtered):  3,515,289,791 bp (88.9%)

=== Adapter 1 ===

Sequence: AGATCGGAAGAGC; Type: regular 3'; Length: 13; Trimmed: 14411920 times

No. of allowed errors:
1-9 bp: 0; 10-13 bp: 1

Bases preceding removed adapters:
  A: 15.8%
  C: 30.8%
  G: 39.0%
  T: 14.4%
  none/other: 0.0%

Overview of removed sequences
length	count	expect	max.err	error counts
1	3327266	6590417.0	0	3327266
2	1098159	1647604.2	0	1098159
3	389812	411901.1	0	389812
4	152098	102975.3	0	152098
5	130870	25743.8	0	130870
6	131416	6436.0	0	131416
7	126683	1609.0	0	126683
8	120315	402.2	0	120315
9	124288	100.6	0	123986 302
10	126422	25.1	1	120297 6125
11	120683	6.3	1	114814 5869
12	122125	1.6	1	115247 6878
13	121590	0.4	1	114734 6856
14	123161	0.4	1	116077 7084
15	133628	0.4	1	126149 7479
16	130708	0.4	1	123081 7627
17	129476	0.4	1	121742 7734
18	129410	0.4	1	121499 7911
19	122202	0.4	1	115815 6387
20	123456	0.4	1	116566 6890
21	133170	0.4	1	126262 6908
22	119555	0.4	1	112643 6912
23	127561	0.4	1	120895 6666
24	115877	0.4	1	109235 6642
25	115015	0.4	1	108405 6610
26	122693	0.4	1	116006 6687
27	118626	0.4	1	112093 6533
28	121682	0.4	1	114667 7015
29	125610	0.4	1	118806 6804
30	126323	0.4	1	119038 7285
31	124914	0.4	1	118238 6676
32	127939	0.4	1	121356 6583
33	134476	0.4	1	127388 7088
34	128012	0.4	1	121121 6891
35	117368	0.4	1	110930 6438
36	112904	0.4	1	107108 5796
37	125044	0.4	1	118827 6217
38	111308	0.4	1	105365 5943
39	118536	0.4	1	112277 6259
40	123783	0.4	1	117191 6592
41	126068	0.4	1	119139 6929
42	116917	0.4	1	110643 6274
43	118020	0.4	1	111786 6234
44	113385	0.4	1	107681 5704
45	157808	0.4	1	150073 7735
46	85436	0.4	1	81449 3987
47	101940	0.4	1	97266 4674
48	108186	0.4	1	102951 5235
49	112946	0.4	1	107668 5278
50	114042	0.4	1	108712 5330
51	117344	0.4	1	111736 5608
52	114792	0.4	1	109267 5525
53	115835	0.4	1	110354 5481
54	119399	0.4	1	113773 5626
55	131228	0.4	1	124845 6383
56	111833	0.4	1	106769 5064
57	105524	0.4	1	100926 4598
58	114852	0.4	1	109839 5013
59	120361	0.4	1	115285 5076
60	105684	0.4	1	100929 4755
61	102712	0.4	1	98323 4389
62	104901	0.4	1	100473 4428
63	108033	0.4	1	103353 4680
64	106766	0.4	1	102091 4675
65	104900	0.4	1	100607 4293
66	117463	0.4	1	112257 5206
67	95459	0.4	1	91256 4203
68	95867	0.4	1	91713 4154
69	101834	0.4	1	97297 4537
70	108875	0.4	1	103625 5250
71	148140	0.4	1	129089 19051
72	930196	0.4	1	899589 30607
73	218815	0.4	1	209774 9041
74	65520	0.4	1	62241 3279
75	29475	0.4	1	27820 1655
76	19390	0.4	1	18145 1245
77	17096	0.4	1	16162 934
78	15337	0.4	1	14442 895
79	14445	0.4	1	13635 810
80	12833	0.4	1	12137 696
81	12971	0.4	1	12299 672
82	12938	0.4	1	12312 626
83	11365	0.4	1	10756 609
84	10520	0.4	1	9980 540
85	10081	0.4	1	9562 519
86	9810	0.4	1	9275 535
87	9265	0.4	1	8799 466
88	8493	0.4	1	8069 424
89	7722	0.4	1	7352 370
90	7320	0.4	1	6906 414
91	6185	0.4	1	5847 338
92	5162	0.4	1	4890 272
93	4406	0.4	1	4140 266
94	3740	0.4	1	3545 195
95	3284	0.4	1	3098 186
96	3078	0.4	1	2918 160
97	2735	0.4	1	2596 139
98	2495	0.4	1	2366 129
99	2207	0.4	1	2092 115
100	1830	0.4	1	1703 127
101	1582	0.4	1	1484 98
102	1304	0.4	1	1224 80
103	971	0.4	1	900 71
104	764	0.4	1	711 53
105	612	0.4	1	569 43
106	553	0.4	1	510 43
107	474	0.4	1	430 44
108	485	0.4	1	443 42
109	430	0.4	1	386 44
110	306	0.4	1	272 34
111	267	0.4	1	229 38
112	216	0.4	1	186 30
113	188	0.4	1	157 31
114	169	0.4	1	151 18
115	126	0.4	1	98 28
116	127	0.4	1	105 22
117	109	0.4	1	94 15
118	80	0.4	1	66 14
119	67	0.4	1	52 15
120	57	0.4	1	43 14
121	56	0.4	1	48 8
122	49	0.4	1	39 10
123	44	0.4	1	27 17
124	36	0.4	1	19 17
125	28	0.4	1	8 20
126	37	0.4	1	18 19
127	37	0.4	1	17 20
128	24	0.4	1	11 13
129	26	0.4	1	13 13
130	23	0.4	1	11 12
131	34	0.4	1	8 26
132	40	0.4	1	24 16
133	22	0.4	1	13 9
134	24	0.4	1	12 12
135	19	0.4	1	11 8
136	26	0.4	1	11 15
137	11	0.4	1	4 7
138	18	0.4	1	5 13
139	22	0.4	1	8 14
140	14	0.4	1	0 14
141	17	0.4	1	6 11
142	22	0.4	1	2 20
143	13	0.4	1	0 13
144	27	0.4	1	0 27
145	39	0.4	1	9 30
146	33	0.4	1	1 32
147	50	0.4	1	6 44
148	67	0.4	1	3 64
149	227	0.4	1	5 222
150	2520	0.4	1	9 2511

RUN STATISTICS FOR INPUT FILE: SNI_Sal_4_1.fastq.gz
=============================================
26361668 sequences processed in total

