
SUMMARISING RUN PARAMETERS
==========================
Input filename: SNI_oxy_2_2.fastq.gz
Trimming mode: paired-end
Trim Galore version: 0.6.7
Cutadapt version: 3.4
Python version: could not detect
Number of cores used for trimming: 8
Quality Phred score cutoff: 20
Quality encoding type selected: ASCII+33
Using Illumina adapter for trimming (count: 163250). Second best hit was Nextera (count: 13)
Adapter sequence: 'AGATCGGAAGAGC' (Illumina TruSeq, Sanger iPCR; auto-detected)
Maximum trimming error rate: 0.1 (default)
Minimum required adapter overlap (stringency): 1 bp
Minimum required sequence length for both reads before a sequence pair gets removed: 20 bp
Running FastQC on the data once trimming has completed
Running FastQC with the following extra arguments: -t 12
Output file will be GZIP compressed


This is cutadapt 3.4 with Python 3.9.6
Command line parameters: -j 8 -e 0.1 -q 20 -O 1 -a AGATCGGAAGAGC SNI_oxy_2_2.fastq.gz
Processing reads on 8 cores in single-end mode ...
Finished in 123.62 s (5 µs/read; 11.33 M reads/minute).

=== Summary ===

Total reads processed:              23,345,167
Reads with adapters:                11,383,738 (48.8%)
Reads written (passing filters):    23,345,167 (100.0%)

Total basepairs processed: 3,501,775,050 bp
Quality-trimmed:             115,840,970 bp (3.3%)
Total written (filtered):  3,213,234,448 bp (91.8%)

=== Adapter 1 ===

Sequence: AGATCGGAAGAGC; Type: regular 3'; Length: 13; Trimmed: 11383738 times

No. of allowed errors:
1-9 bp: 0; 10-13 bp: 1

Bases preceding removed adapters:
  A: 19.8%
  C: 35.0%
  G: 29.9%
  T: 15.4%
  none/other: 0.0%

Overview of removed sequences
length	count	expect	max.err	error counts
1	4314828	5836291.8	0	4314828
2	1367794	1459072.9	0	1367794
3	481453	364768.2	0	481453
4	184198	91192.1	0	184198
5	131366	22798.0	0	131366
6	123201	5699.5	0	123201
7	111858	1424.9	0	111858
8	102219	356.2	0	102219
9	103298	89.1	0	102721 577
10	112157	22.3	1	97619 14538
11	105818	5.6	1	92039 13779
12	107788	1.4	1	92816 14972
13	118706	0.3	1	101565 17141
14	134746	0.3	1	115047 19699
15	95437	0.3	1	83150 12287
16	115370	0.3	1	99635 15735
17	95965	0.3	1	83313 12652
18	87026	0.3	1	76154 10872
19	97248	0.3	1	84496 12752
20	91383	0.3	1	79481 11902
21	88231	0.3	1	77093 11138
22	96020	0.3	1	83681 12339
23	101286	0.3	1	87769 13517
24	107726	0.3	1	92837 14889
25	88230	0.3	1	77191 11039
26	92973	0.3	1	81544 11429
27	88075	0.3	1	77123 10952
28	92368	0.3	1	80788 11580
29	81286	0.3	1	71687 9599
30	97558	0.3	1	85174 12384
31	69707	0.3	1	62064 7643
32	84692	0.3	1	75025 9667
33	76885	0.3	1	68459 8426
34	84525	0.3	1	74415 10110
35	76819	0.3	1	67971 8848
36	76399	0.3	1	67795 8604
37	73730	0.3	1	65781 7949
38	73154	0.3	1	65217 7937
39	68372	0.3	1	61161 7211
40	63778	0.3	1	57250 6528
41	65946	0.3	1	58993 6953
42	69713	0.3	1	61905 7808
43	60790	0.3	1	54715 6075
44	62426	0.3	1	55844 6582
45	63467	0.3	1	56782 6685
46	60529	0.3	1	54399 6130
47	61022	0.3	1	54537 6485
48	55254	0.3	1	49625 5629
49	54170	0.3	1	48519 5651
50	54413	0.3	1	48602 5811
51	50072	0.3	1	44862 5210
52	50568	0.3	1	45114 5454
53	53729	0.3	1	47860 5869
54	50886	0.3	1	45410 5476
55	41791	0.3	1	37577 4214
56	48934	0.3	1	43820 5114
57	45459	0.3	1	40631 4828
58	39289	0.3	1	35140 4149
59	36046	0.3	1	32352 3694
60	40201	0.3	1	35972 4229
61	32928	0.3	1	29630 3298
62	29268	0.3	1	26358 2910
63	38377	0.3	1	34718 3659
64	19691	0.3	1	17986 1705
65	26045	0.3	1	23595 2450
66	24214	0.3	1	21956 2258
67	27463	0.3	1	24748 2715
68	24551	0.3	1	22137 2414
69	23787	0.3	1	21446 2341
70	21595	0.3	1	19620 1975
71	21501	0.3	1	19358 2143
72	20502	0.3	1	18529 1973
73	19773	0.3	1	17885 1888
74	22243	0.3	1	19901 2342
75	31578	0.3	1	22421 9157
76	120019	0.3	1	108490 11529
77	19276	0.3	1	16940 2336
78	4885	0.3	1	4185 700
79	2594	0.3	1	2179 415
80	2234	0.3	1	1866 368
81	2048	0.3	1	1727 321
82	1756	0.3	1	1530 226
83	1562	0.3	1	1356 206
84	1700	0.3	1	1472 228
85	1443	0.3	1	1250 193
86	1439	0.3	1	1231 208
87	1327	0.3	1	1142 185
88	1182	0.3	1	1020 162
89	964	0.3	1	819 145
90	896	0.3	1	762 134
91	737	0.3	1	628 109
92	649	0.3	1	541 108
93	573	0.3	1	482 91
94	508	0.3	1	424 84
95	461	0.3	1	381 80
96	475	0.3	1	385 90
97	356	0.3	1	283 73
98	281	0.3	1	231 50
99	284	0.3	1	231 53
100	268	0.3	1	204 64
101	253	0.3	1	202 51
102	225	0.3	1	159 66
103	151	0.3	1	108 43
104	115	0.3	1	85 30
105	134	0.3	1	91 43
106	113	0.3	1	74 39
107	112	0.3	1	72 40
108	99	0.3	1	71 28
109	112	0.3	1	69 43
110	74	0.3	1	43 31
111	70	0.3	1	36 34
112	63	0.3	1	33 30
113	49	0.3	1	25 24
114	61	0.3	1	26 35
115	62	0.3	1	28 34
116	48	0.3	1	20 28
117	52	0.3	1	24 28
118	48	0.3	1	14 34
119	40	0.3	1	9 31
120	34	0.3	1	10 24
121	34	0.3	1	8 26
122	39	0.3	1	15 24
123	30	0.3	1	9 21
124	46	0.3	1	9 37
125	21	0.3	1	10 11
126	41	0.3	1	14 27
127	32	0.3	1	13 19
128	39	0.3	1	5 34
129	23	0.3	1	10 13
130	27	0.3	1	4 23
131	25	0.3	1	4 21
132	23	0.3	1	10 13
133	28	0.3	1	1 27
134	27	0.3	1	6 21
135	24	0.3	1	2 22
136	23	0.3	1	2 21
137	16	0.3	1	3 13
138	13	0.3	1	3 10
139	9	0.3	1	0 9
140	12	0.3	1	0 12
141	24	0.3	1	0 24
142	13	0.3	1	1 12
143	10	0.3	1	0 10
144	8	0.3	1	1 7
145	37	0.3	1	1 36
146	11	0.3	1	0 11
147	40	0.3	1	1 39
148	28	0.3	1	1 27
149	61	0.3	1	0 61
150	1248	0.3	1	0 1248

RUN STATISTICS FOR INPUT FILE: SNI_oxy_2_2.fastq.gz
=============================================
23345167 sequences processed in total

Total number of sequences analysed for the sequence pair length validation: 23345167

Number of sequence pairs removed because at least one read was shorter than the length cutoff (20 bp): 168311 (0.72%)
