
SUMMARISING RUN PARAMETERS
==========================
Input filename: SNI_oxy_4_2.fastq.gz
Trimming mode: paired-end
Trim Galore version: 0.6.7
Cutadapt version: 3.4
Python version: could not detect
Number of cores used for trimming: 8
Quality Phred score cutoff: 20
Quality encoding type selected: ASCII+33
Using Illumina adapter for trimming (count: 434374). Second best hit was Nextera (count: 14)
Adapter sequence: 'AGATCGGAAGAGC' (Illumina TruSeq, Sanger iPCR; auto-detected)
Maximum trimming error rate: 0.1 (default)
Minimum required adapter overlap (stringency): 1 bp
Minimum required sequence length for both reads before a sequence pair gets removed: 20 bp
Running FastQC on the data once trimming has completed
Running FastQC with the following extra arguments: -t 12
Output file will be GZIP compressed


This is cutadapt 3.4 with Python 3.9.6
Command line parameters: -j 8 -e 0.1 -q 20 -O 1 -a AGATCGGAAGAGC SNI_oxy_4_2.fastq.gz
Processing reads on 8 cores in single-end mode ...
Finished in 106.12 s (5 µs/read; 12.94 M reads/minute).

=== Summary ===

Total reads processed:              22,879,468
Reads with adapters:                15,591,665 (68.1%)
Reads written (passing filters):    22,879,468 (100.0%)

Total basepairs processed: 3,431,920,200 bp
Quality-trimmed:              97,327,733 bp (2.8%)
Total written (filtered):  2,818,814,412 bp (82.1%)

=== Adapter 1 ===

Sequence: AGATCGGAAGAGC; Type: regular 3'; Length: 13; Trimmed: 15591665 times

No. of allowed errors:
1-9 bp: 0; 10-13 bp: 1

Bases preceding removed adapters:
  A: 12.5%
  C: 28.8%
  G: 46.9%
  T: 11.7%
  none/other: 0.0%

Overview of removed sequences
length	count	expect	max.err	error counts
1	2701549	5719867.0	0	2701549
2	922439	1429966.8	0	922439
3	376037	357491.7	0	376037
4	165731	89372.9	0	165731
5	137071	22343.2	0	137071
6	136966	5585.8	0	136966
7	128688	1396.5	0	128688
8	119724	349.1	0	119724
9	123259	87.3	0	122782 477
10	132761	21.8	1	119707 13054
11	129071	5.5	1	115912 13159
12	131973	1.4	1	117408 14565
13	150270	0.3	1	132045 18225
14	170386	0.3	1	148954 21432
15	118887	0.3	1	106526 12361
16	149565	0.3	1	132708 16857
17	125613	0.3	1	112643 12970
18	116603	0.3	1	105201 11402
19	137039	0.3	1	122545 14494
20	130653	0.3	1	116897 13756
21	127599	0.3	1	115304 12295
22	141108	0.3	1	126683 14425
23	150592	0.3	1	134923 15669
24	159416	0.3	1	141933 17483
25	130868	0.3	1	118502 12366
26	140863	0.3	1	127812 13051
27	136772	0.3	1	124345 12427
28	148906	0.3	1	135269 13637
29	139286	0.3	1	127124 12162
30	171461	0.3	1	155355 16106
31	125256	0.3	1	116053 9203
32	156165	0.3	1	143012 13153
33	141386	0.3	1	130693 10693
34	158032	0.3	1	144881 13151
35	147249	0.3	1	135127 12122
36	147390	0.3	1	135927 11463
37	146628	0.3	1	136088 10540
38	148567	0.3	1	137422 11145
39	147217	0.3	1	136768 10449
40	143395	0.3	1	133938 9457
41	152369	0.3	1	141612 10757
42	163436	0.3	1	151130 12306
43	145329	0.3	1	135925 9404
44	150223	0.3	1	139705 10518
45	154881	0.3	1	143830 11051
46	154101	0.3	1	143950 10151
47	158087	0.3	1	146991 11096
48	146620	0.3	1	137197 9423
49	154819	0.3	1	144506 10313
50	159876	0.3	1	149306 10570
51	152067	0.3	1	142496 9571
52	155211	0.3	1	145261 9950
53	173075	0.3	1	161291 11784
54	165333	0.3	1	154595 10738
55	139658	0.3	1	131576 8082
56	169559	0.3	1	158823 10736
57	160609	0.3	1	150485 10124
58	145721	0.3	1	136493 9228
59	138091	0.3	1	130017 8074
60	159013	0.3	1	149120 9893
61	132778	0.3	1	125374 7404
62	125738	0.3	1	118920 6818
63	165553	0.3	1	156632 8921
64	87877	0.3	1	83580 4297
65	118905	0.3	1	113268 5637
66	112120	0.3	1	106611 5509
67	129341	0.3	1	122395 6946
68	118768	0.3	1	112574 6194
69	121251	0.3	1	114884 6367
70	116498	0.3	1	110332 6166
71	122056	0.3	1	115740 6316
72	118955	0.3	1	113154 5801
73	119954	0.3	1	113827 6127
74	144955	0.3	1	137173 7782
75	179668	0.3	1	158975 20693
76	965354	0.3	1	929910 35444
77	153397	0.3	1	145924 7473
78	35684	0.3	1	33420 2264
79	18231	0.3	1	16943 1288
80	16060	0.3	1	14892 1168
81	15520	0.3	1	14484 1036
82	13949	0.3	1	13085 864
83	12553	0.3	1	11762 791
84	13043	0.3	1	12226 817
85	12149	0.3	1	11385 764
86	12508	0.3	1	11699 809
87	11050	0.3	1	10364 686
88	10644	0.3	1	9989 655
89	9386	0.3	1	8757 629
90	8045	0.3	1	7550 495
91	7365	0.3	1	6908 457
92	6093	0.3	1	5752 341
93	5591	0.3	1	5248 343
94	4718	0.3	1	4452 266
95	4120	0.3	1	3885 235
96	4005	0.3	1	3763 242
97	3527	0.3	1	3302 225
98	2929	0.3	1	2775 154
99	2755	0.3	1	2602 153
100	2416	0.3	1	2294 122
101	2231	0.3	1	2109 122
102	1574	0.3	1	1472 102
103	1309	0.3	1	1218 91
104	1006	0.3	1	942 64
105	875	0.3	1	795 80
106	823	0.3	1	761 62
107	755	0.3	1	690 65
108	737	0.3	1	687 50
109	688	0.3	1	644 44
110	508	0.3	1	460 48
111	375	0.3	1	352 23
112	293	0.3	1	254 39
113	277	0.3	1	241 36
114	217	0.3	1	174 43
115	163	0.3	1	140 23
116	153	0.3	1	144 9
117	152	0.3	1	119 33
118	139	0.3	1	106 33
119	95	0.3	1	81 14
120	99	0.3	1	80 19
121	95	0.3	1	68 27
122	88	0.3	1	69 19
123	65	0.3	1	46 19
124	60	0.3	1	39 21
125	31	0.3	1	21 10
126	37	0.3	1	19 18
127	23	0.3	1	11 12
128	26	0.3	1	17 9
129	28	0.3	1	21 7
130	32	0.3	1	20 12
131	36	0.3	1	13 23
132	34	0.3	1	20 14
133	27	0.3	1	11 16
134	26	0.3	1	12 14
135	20	0.3	1	6 14
136	20	0.3	1	9 11
137	13	0.3	1	4 9
138	23	0.3	1	4 19
139	22	0.3	1	0 22
140	20	0.3	1	3 17
141	21	0.3	1	0 21
142	10	0.3	1	1 9
143	15	0.3	1	2 13
144	12	0.3	1	1 11
145	18	0.3	1	2 16
146	15	0.3	1	0 15
147	39	0.3	1	0 39
148	35	0.3	1	1 34
149	92	0.3	1	0 92
150	2185	0.3	1	9 2176

RUN STATISTICS FOR INPUT FILE: SNI_oxy_4_2.fastq.gz
=============================================
22879468 sequences processed in total

Total number of sequences analysed for the sequence pair length validation: 22879468

Number of sequence pairs removed because at least one read was shorter than the length cutoff (20 bp): 105959 (0.46%)
