
SUMMARISING RUN PARAMETERS
==========================
Input filename: SNI_Sal_2_1.fastq.gz
Trimming mode: paired-end
Trim Galore version: 0.6.7
Cutadapt version: 3.4
Python version: could not detect
Number of cores used for trimming: 8
Quality Phred score cutoff: 20
Quality encoding type selected: ASCII+33
Using Illumina adapter for trimming (count: 283125). Second best hit was Nextera (count: 2)
Adapter sequence: 'AGATCGGAAGAGC' (Illumina TruSeq, Sanger iPCR; auto-detected)
Maximum trimming error rate: 0.1 (default)
Minimum required adapter overlap (stringency): 1 bp
Minimum required sequence length for both reads before a sequence pair gets removed: 20 bp
Running FastQC on the data once trimming has completed
Running FastQC with the following extra arguments: -t 12
Output file will be GZIP compressed


This is cutadapt 3.4 with Python 3.9.6
Command line parameters: -j 8 -e 0.1 -q 20 -O 1 -a AGATCGGAAGAGC SNI_Sal_2_1.fastq.gz
Processing reads on 8 cores in single-end mode ...
Finished in 76.61 s (3 µs/read; 19.26 M reads/minute).

=== Summary ===

Total reads processed:              24,591,295
Reads with adapters:                15,002,112 (61.0%)
Reads written (passing filters):    24,591,295 (100.0%)

Total basepairs processed: 3,688,694,250 bp
Quality-trimmed:              84,188,497 bp (2.3%)
Total written (filtered):  3,179,532,886 bp (86.2%)

=== Adapter 1 ===

Sequence: AGATCGGAAGAGC; Type: regular 3'; Length: 13; Trimmed: 15002112 times

No. of allowed errors:
1-9 bp: 0; 10-13 bp: 1

Bases preceding removed adapters:
  A: 18.9%
  C: 34.4%
  G: 31.7%
  T: 14.9%
  none/other: 0.0%

Overview of removed sequences
length	count	expect	max.err	error counts
1	3663934	6147823.8	0	3663934
2	1012798	1536955.9	0	1012798
3	309911	384239.0	0	309911
4	138474	96059.7	0	138474
5	117335	24014.9	0	117335
6	113508	6003.7	0	113508
7	121548	1500.9	0	121548
8	117317	375.2	0	117317
9	114156	93.8	0	113840 316
10	139749	23.5	1	112876 26873
11	136769	5.9	1	113224 23545
12	145672	1.5	1	119916 25756
13	144127	0.4	1	119444 24683
14	129801	0.4	1	105979 23822
15	134578	0.4	1	110877 23701
16	130805	0.4	1	106627 24178
17	132033	0.4	1	108471 23562
18	148521	0.4	1	121294 27227
19	127310	0.4	1	102084 25226
20	138272	0.4	1	113433 24839
21	131997	0.4	1	108857 23140
22	138845	0.4	1	112648 26197
23	142008	0.4	1	115287 26721
24	136510	0.4	1	110044 26466
25	139376	0.4	1	113311 26065
26	137727	0.4	1	111156 26571
27	134968	0.4	1	109678 25290
28	140505	0.4	1	113465 27040
29	132213	0.4	1	104151 28062
30	132603	0.4	1	107050 25553
31	128263	0.4	1	103721 24542
32	133181	0.4	1	107854 25327
33	132697	0.4	1	107375 25322
34	142162	0.4	1	116356 25806
35	135969	0.4	1	109100 26869
36	138605	0.4	1	113103 25502
37	139009	0.4	1	115012 23997
38	144422	0.4	1	117106 27316
39	126755	0.4	1	103090 23665
40	132610	0.4	1	106930 25680
41	129646	0.4	1	104886 24760
42	137034	0.4	1	110743 26291
43	136584	0.4	1	111722 24862
44	130303	0.4	1	105656 24647
45	173014	0.4	1	141475 31539
46	88420	0.4	1	72363 16057
47	111568	0.4	1	90054 21514
48	128828	0.4	1	105664 23164
49	124889	0.4	1	102474 22415
50	118607	0.4	1	96476 22131
51	118558	0.4	1	97103 21455
52	124745	0.4	1	102946 21799
53	119804	0.4	1	97054 22750
54	117566	0.4	1	96109 21457
55	125654	0.4	1	101396 24258
56	116049	0.4	1	94652 21397
57	122949	0.4	1	101746 21203
58	122164	0.4	1	99642 22522
59	111212	0.4	1	89020 22192
60	107480	0.4	1	87290 20190
61	102900	0.4	1	84322 18578
62	103453	0.4	1	84529 18924
63	111166	0.4	1	91352 19814
64	106253	0.4	1	86168 20085
65	95410	0.4	1	76581 18829
66	108590	0.4	1	87678 20912
67	98802	0.4	1	81431 17371
68	94959	0.4	1	77865 17094
69	97244	0.4	1	78999 18245
70	100534	0.4	1	82076 18458
71	154384	0.4	1	98758 55626
72	893812	0.4	1	730002 163810
73	213644	0.4	1	172324 41320
74	63670	0.4	1	50429 13241
75	27131	0.4	1	21325 5806
76	18648	0.4	1	14669 3979
77	17636	0.4	1	14252 3384
78	14206	0.4	1	11355 2851
79	13189	0.4	1	10618 2571
80	12269	0.4	1	9809 2460
81	11723	0.4	1	9385 2338
82	11764	0.4	1	9603 2161
83	10612	0.4	1	8575 2037
84	9666	0.4	1	7888 1778
85	9063	0.4	1	7227 1836
86	9016	0.4	1	7365 1651
87	8025	0.4	1	6450 1575
88	7306	0.4	1	5896 1410
89	7124	0.4	1	5672 1452
90	6066	0.4	1	4874 1192
91	5578	0.4	1	4525 1053
92	4980	0.4	1	4006 974
93	4622	0.4	1	3693 929
94	4058	0.4	1	3261 797
95	3536	0.4	1	2834 702
96	3210	0.4	1	2566 644
97	2805	0.4	1	2254 551
98	2790	0.4	1	2252 538
99	2608	0.4	1	2119 489
100	2454	0.4	1	1923 531
101	2008	0.4	1	1571 437
102	1745	0.4	1	1377 368
103	1390	0.4	1	1093 297
104	1157	0.4	1	891 266
105	924	0.4	1	712 212
106	842	0.4	1	676 166
107	801	0.4	1	640 161
108	748	0.4	1	575 173
109	694	0.4	1	551 143
110	674	0.4	1	508 166
111	570	0.4	1	437 133
112	449	0.4	1	339 110
113	415	0.4	1	307 108
114	297	0.4	1	202 95
115	295	0.4	1	215 80
116	273	0.4	1	207 66
117	307	0.4	1	245 62
118	185	0.4	1	134 51
119	202	0.4	1	139 63
120	206	0.4	1	131 75
121	184	0.4	1	137 47
122	158	0.4	1	111 47
123	167	0.4	1	112 55
124	106	0.4	1	64 42
125	83	0.4	1	57 26
126	102	0.4	1	65 37
127	64	0.4	1	28 36
128	105	0.4	1	66 39
129	73	0.4	1	46 27
130	87	0.4	1	54 33
131	44	0.4	1	22 22
132	58	0.4	1	20 38
133	44	0.4	1	18 26
134	67	0.4	1	36 31
135	45	0.4	1	21 24
136	88	0.4	1	41 47
137	40	0.4	1	7 33
138	49	0.4	1	18 31
139	27	0.4	1	8 19
140	37	0.4	1	5 32
141	54	0.4	1	17 37
142	41	0.4	1	5 36
143	58	0.4	1	11 47
144	82	0.4	1	13 69
145	131	0.4	1	25 106
146	120	0.4	1	3 117
147	176	0.4	1	22 154
148	456	0.4	1	5 451
149	607	0.4	1	2 605
150	7554	0.4	1	16 7538

RUN STATISTICS FOR INPUT FILE: SNI_Sal_2_1.fastq.gz
=============================================
24591295 sequences processed in total

