
SUMMARISING RUN PARAMETERS
==========================
Input filename: SNI_oxy_1_1.fastq.gz
Trimming mode: paired-end
Trim Galore version: 0.6.7
Cutadapt version: 3.4
Python version: could not detect
Number of cores used for trimming: 8
Quality Phred score cutoff: 20
Quality encoding type selected: ASCII+33
Using Illumina adapter for trimming (count: 376943). Second best hit was Nextera (count: 14)
Adapter sequence: 'AGATCGGAAGAGC' (Illumina TruSeq, Sanger iPCR; auto-detected)
Maximum trimming error rate: 0.1 (default)
Minimum required adapter overlap (stringency): 1 bp
Minimum required sequence length for both reads before a sequence pair gets removed: 20 bp
Running FastQC on the data once trimming has completed
Running FastQC with the following extra arguments: -t 12
Output file will be GZIP compressed


This is cutadapt 3.4 with Python 3.9.6
Command line parameters: -j 8 -e 0.1 -q 20 -O 1 -a AGATCGGAAGAGC SNI_oxy_1_1.fastq.gz
Processing reads on 8 cores in single-end mode ...
Finished in 97.23 s (4 µs/read; 14.25 M reads/minute).

=== Summary ===

Total reads processed:              23,092,623
Reads with adapters:                15,717,912 (68.1%)
Reads written (passing filters):    23,092,623 (100.0%)

Total basepairs processed: 3,463,893,450 bp
Quality-trimmed:              83,510,678 bp (2.4%)
Total written (filtered):  2,929,532,316 bp (84.6%)

=== Adapter 1 ===

Sequence: AGATCGGAAGAGC; Type: regular 3'; Length: 13; Trimmed: 15717912 times

No. of allowed errors:
1-9 bp: 0; 10-13 bp: 1

Bases preceding removed adapters:
  A: 20.0%
  C: 33.9%
  G: 30.4%
  T: 15.7%
  none/other: 0.1%

Overview of removed sequences
length	count	expect	max.err	error counts
1	3245795	5773155.8	0	3245795
2	943743	1443288.9	0	943743
3	372644	360822.2	0	372644
4	188400	90205.6	0	188400
5	160841	22551.4	0	160841
6	152242	5637.8	0	152242
7	150764	1409.5	0	150764
8	146089	352.4	0	146089
9	146406	88.1	0	145916 490
10	157688	22.0	1	146266 11422
11	153207	5.5	1	141879 11328
12	160318	1.4	1	147468 12850
13	161730	0.3	1	148923 12807
14	164593	0.3	1	151186 13407
15	162866	0.3	1	149779 13087
16	164701	0.3	1	150812 13889
17	162802	0.3	1	148827 13975
18	173158	0.3	1	158223 14935
19	148071	0.3	1	136364 11707
20	155587	0.3	1	143911 11676
21	153390	0.3	1	141736 11654
22	161061	0.3	1	148370 12691
23	163464	0.3	1	150844 12620
24	166902	0.3	1	153764 13138
25	169112	0.3	1	156360 12752
26	171602	0.3	1	158744 12858
27	166710	0.3	1	154550 12160
28	162996	0.3	1	150909 12087
29	155409	0.3	1	144015 11394
30	156227	0.3	1	144644 11583
31	155940	0.3	1	144333 11607
32	158018	0.3	1	146769 11249
33	164811	0.3	1	152264 12547
34	165930	0.3	1	153590 12340
35	164087	0.3	1	151776 12311
36	168224	0.3	1	155067 13157
37	156836	0.3	1	145405 11431
38	161742	0.3	1	149658 12084
39	141444	0.3	1	130991 10453
40	145579	0.3	1	135221 10358
41	145080	0.3	1	134718 10362
42	154066	0.3	1	142485 11581
43	153312	0.3	1	142503 10809
44	146481	0.3	1	136254 10227
45	197248	0.3	1	183714 13534
46	103201	0.3	1	96287 6914
47	130040	0.3	1	121511 8529
48	141095	0.3	1	131507 9588
49	136452	0.3	1	127421 9031
50	135513	0.3	1	126587 8926
51	135683	0.3	1	126670 9013
52	135830	0.3	1	126911 8919
53	135075	0.3	1	126073 9002
54	133902	0.3	1	124937 8965
55	138909	0.3	1	129345 9564
56	127966	0.3	1	119732 8234
57	128842	0.3	1	121009 7833
58	125598	0.3	1	117279 8319
59	117503	0.3	1	109788 7715
60	110974	0.3	1	103741 7233
61	104492	0.3	1	97842 6650
62	102742	0.3	1	96260 6482
63	111203	0.3	1	104054 7149
64	105586	0.3	1	99063 6523
65	99076	0.3	1	92841 6235
66	111181	0.3	1	104127 7054
67	98776	0.3	1	92797 5979
68	96759	0.3	1	90679 6080
69	96575	0.3	1	90156 6419
70	103451	0.3	1	95725 7726
71	189113	0.3	1	112123 76990
72	801942	0.3	1	745825 56117
73	186004	0.3	1	170404 15600
74	57246	0.3	1	50224 7022
75	25876	0.3	1	22581 3295
76	18725	0.3	1	16332 2393
77	16232	0.3	1	14583 1649
78	13506	0.3	1	12203 1303
79	12435	0.3	1	11249 1186
80	11508	0.3	1	10482 1026
81	11084	0.3	1	10051 1033
82	10058	0.3	1	9157 901
83	9572	0.3	1	8727 845
84	9052	0.3	1	8240 812
85	8446	0.3	1	7682 764
86	7916	0.3	1	7173 743
87	7225	0.3	1	6558 667
88	6895	0.3	1	6308 587
89	6277	0.3	1	5751 526
90	5513	0.3	1	5033 480
91	4691	0.3	1	4301 390
92	4013	0.3	1	3625 388
93	3640	0.3	1	3299 341
94	3216	0.3	1	2918 298
95	2875	0.3	1	2584 291
96	2691	0.3	1	2434 257
97	2396	0.3	1	2153 243
98	2170	0.3	1	1939 231
99	2037	0.3	1	1841 196
100	1780	0.3	1	1583 197
101	1571	0.3	1	1388 183
102	1271	0.3	1	1103 168
103	968	0.3	1	848 120
104	758	0.3	1	665 93
105	678	0.3	1	565 113
106	591	0.3	1	498 93
107	605	0.3	1	506 99
108	498	0.3	1	416 82
109	471	0.3	1	392 79
110	400	0.3	1	292 108
111	334	0.3	1	245 89
112	284	0.3	1	198 86
113	227	0.3	1	155 72
114	196	0.3	1	131 65
115	193	0.3	1	124 69
116	158	0.3	1	98 60
117	166	0.3	1	91 75
118	136	0.3	1	83 53
119	138	0.3	1	70 68
120	91	0.3	1	42 49
121	117	0.3	1	49 68
122	89	0.3	1	32 57
123	92	0.3	1	31 61
124	77	0.3	1	17 60
125	80	0.3	1	19 61
126	66	0.3	1	14 52
127	61	0.3	1	5 56
128	53	0.3	1	8 45
129	56	0.3	1	5 51
130	59	0.3	1	1 58
131	53	0.3	1	4 49
132	70	0.3	1	1 69
133	44	0.3	1	1 43
134	61	0.3	1	3 58
135	54	0.3	1	2 52
136	84	0.3	1	7 77
137	60	0.3	1	4 56
138	58	0.3	1	1 57
139	72	0.3	1	2 70
140	73	0.3	1	0 73
141	66	0.3	1	2 64
142	80	0.3	1	1 79
143	99	0.3	1	1 98
144	100	0.3	1	0 100
145	177	0.3	1	7 170
146	203	0.3	1	1 202
147	313	0.3	1	3 310
148	443	0.3	1	0 443
149	1269	0.3	1	0 1269
150	16175	0.3	1	1 16174

RUN STATISTICS FOR INPUT FILE: SNI_oxy_1_1.fastq.gz
=============================================
23092623 sequences processed in total

